Time	Trip Fraction[public transport]	Trip Fraction[regular car]	Trip Fraction[electric car]	Owner Fraction[public transport]	Owner Fraction[regular car]	Owner Fraction[electric car]
2010	0.239378	0.760622	0	0.160822	0.839178	0
2010.13	0.239378	0.760622	0	0.160822	0.839178	0
2010.25	0.236817	0.763183	0	0.159912	0.840088	0
2010.38	0.234394	0.765606	0	0.159018	0.840982	0
2010.5	0.232113	0.767887	0	0.158143	0.841857	0
2010.63	0.229965	0.770036	0	0.157288	0.842712	0
2010.75	0.227941	0.772059	0	0.156452	0.843548	0
2010.88	0.226034	0.773966	0	0.155634	0.844366	0
2011	0.224236	0.775764	0	0.154833	0.845167	0
2011.13	0.222542	0.777458	0	0.154049	0.845951	0
2011.25	0.220943	0.779057	0	0.153282	0.846718	0
2011.38	0.219435	0.780565	0	0.152531	0.847469	0
2011.5	0.218011	0.781989	0	0.151796	0.848204	0
2011.63	0.216667	0.783333	0	0.151076	0.848924	0
2011.75	0.215398	0.784602	0	0.150372	0.849628	0
2011.88	0.214198	0.785802	0	0.149681	0.850319	0
2012	0.213064	0.786936	0	0.149005	0.850995	0
2012.13	0.211991	0.788009	0	0.148343	0.851657	0
2012.25	0.210977	0.789023	0	0.147694	0.852306	0
2012.38	0.210016	0.789984	0	0.147058	0.852942	0
2012.5	0.209107	0.790893	0	0.146436	0.853564	0
2012.63	0.208245	0.791755	0	0.145825	0.854175	0
2012.75	0.207429	0.792571	0	0.145226	0.854763	1.13907e-005
2012.88	0.206655	0.793345	1.80759e-007	0.144637	0.855331	3.20596e-005
2013	0.205921	0.794078	8.61179e-007	0.144059	0.855879	6.16621e-005
2013.13	0.205225	0.794772	2.43406e-006	0.143491	0.856409	9.95204e-005
2013.25	0.204565	0.795429	5.30541e-006	0.142933	0.856922	0.000144739
2013.38	0.203939	0.796051	9.85085e-006	0.142386	0.857418	0.000196309
2013.5	0.203344	0.79664	1.63881e-005	0.141848	0.857899	0.000253179
2013.63	0.202778	0.797197	2.51621e-005	0.14132	0.858366	0.000314306
2013.75	0.20224	0.797724	3.63379e-005	0.140802	0.858819	0.000378694
2013.88	0.201728	0.798222	5.0001e-005	0.140293	0.859261	0.000445407
2014	0.20124	0.798694	6.61604e-005	0.139794	0.859692	0.00051359
2014.13	0.200775	0.79914	8.47557e-005	0.139305	0.860113	0.000582472
2014.25	0.200332	0.799562	0.000105665	0.138824	0.860524	0.000651367
2014.38	0.19991	0.799962	0.000128716	0.138353	0.860927	0.000719676
2014.5	0.199506	0.80034	0.000153695	0.137891	0.861322	0.00078688
2014.63	0.199121	0.800698	0.000180355	0.137438	0.86171	0.000852538
2014.75	0.198754	0.801038	0.000208428	0.136993	0.86209	0.000916283
2014.88	0.198403	0.80136	0.000237631	0.136557	0.862465	0.000977811
2015	0.198067	0.801665	0.000267671	0.13613	0.862833	0.00103688
2015.13	0.197747	0.801955	0.000298257	0.135711	0.863196	0.0010933
2015.25	0.19744	0.802231	0.000329097	0.1353	0.863553	0.00114694
2015.38	0.197147	0.802493	0.000359907	0.134897	0.863905	0.0011977
2015.5	0.196867	0.802742	0.000390415	0.134502	0.864253	0.00124552
2015.63	0.1966	0.80298	0.00042036	0.134114	0.864596	0.00129037
2015.75	0.196344	0.803207	0.000449496	0.133734	0.864934	0.00133226
2015.88	0.196099	0.803423	0.000477597	0.133361	0.865267	0.00137121
2016	0.195865	0.803631	0.000504452	0.132996	0.865597	0.00140728
2016.13	0.195641	0.803829	0.000529871	0.132637	0.865922	0.00144051
2016.25	0.195427	0.804019	0.000553684	0.132286	0.866243	0.00147099
2016.38	0.195222	0.804202	0.000575744	0.131941	0.866561	0.00149881
2016.5	0.195027	0.804377	0.000595924	0.131602	0.866874	0.00152407
2016.63	0.194839	0.804547	0.000614117	0.13127	0.867183	0.00154685
2016.75	0.19466	0.80471	0.000630242	0.130944	0.867489	0.00156728
2016.88	0.194489	0.804867	0.000644236	0.130624	0.86779	0.00158545
2017	0.194325	0.805019	0.000656059	0.13031	0.868088	0.00160149
2017.13	0.194168	0.805167	0.000665691	0.130002	0.868382	0.0016155
2017.25	0.194017	0.80531	0.000673134	0.1297	0.868673	0.00162758
2017.38	0.193873	0.805449	0.000678407	0.129403	0.86896	0.00163786
2017.5	0.193735	0.805584	0.000681549	0.129111	0.869243	0.00164644
2017.63	0.193602	0.805715	0.000682613	0.128824	0.869522	0.00165341
2017.75	0.193475	0.805844	0.000681671	0.128543	0.869798	0.00165889
2017.88	0.193352	0.805969	0.000678807	0.128266	0.870071	0.00166296
2018	0.193234	0.806092	0.000674116	0.127995	0.87034	0.00166573
2018.13	0.193121	0.806212	0.000667707	0.127728	0.870605	0.00166728
2018.25	0.193011	0.806329	0.000659693	0.127465	0.870867	0.00166769
2018.38	0.192905	0.806445	0.000650198	0.127207	0.871126	0.00166705
2018.5	0.192803	0.806558	0.000639348	0.126954	0.871381	0.00166544
2018.63	0.192703	0.80667	0.000627274	0.126704	0.871633	0.00166292
2018.75	0.192607	0.806779	0.000614106	0.126459	0.871881	0.00165958
2018.88	0.192513	0.806888	0.000599975	0.126218	0.872127	0.00165546
2019	0.192421	0.806994	0.000585012	0.125981	0.872369	0.00165064
2019.13	0.192331	0.807099	0.000569342	0.125747	0.872608	0.00164517
2019.25	0.192243	0.807203	0.000553087	0.125517	0.872844	0.00163911
2019.38	0.192157	0.807306	0.000536365	0.125291	0.873076	0.0016325
2019.5	0.192073	0.807408	0.000519287	0.125068	0.873306	0.0016254
2019.63	0.191989	0.807509	0.000501956	0.124849	0.873533	0.00161785
2019.75	0.191907	0.807609	0.000484471	0.124633	0.873757	0.00160989
2019.88	0.191826	0.807708	0.00046692	0.124421	0.873978	0.00160156
2020	0.191745	0.807806	0.000449387	0.124211	0.874196	0.00159289
2020.13	0.191665	0.807903	0.000431946	0.124005	0.874411	0.00158392
2020.25	0.191585	0.808	0.000414665	0.123802	0.874624	0.00157469
2020.38	0.191506	0.808096	0.000397602	0.123601	0.874834	0.0015652
2020.5	0.191427	0.808192	0.000380811	0.123404	0.875041	0.00155551
2020.63	0.191349	0.808287	0.000364338	0.123209	0.875246	0.00154562
2020.75	0.19127	0.808382	0.000348221	0.123017	0.875448	0.00153556
2020.88	0.191192	0.808476	0.000332494	0.122827	0.875647	0.00152536
2021	0.191113	0.80857	0.000317186	0.12264	0.875845	0.00151503
2021.13	0.191034	0.808663	0.000302316	0.122456	0.876039	0.00150459
2021.25	0.190955	0.808757	0.000287905	0.122274	0.876232	0.00149406
2021.38	0.190876	0.80885	0.000273963	0.122094	0.876422	0.00148345
2021.5	0.190797	0.808943	0.000260502	0.121917	0.87661	0.00147278
2021.63	0.190717	0.809036	0.000247525	0.121742	0.876796	0.00146205
2021.75	0.190636	0.809129	0.000235035	0.121569	0.87698	0.00145129
2021.88	0.190556	0.809221	0.000223033	0.121398	0.877161	0.00144049
2022	0.190475	0.809314	0.000211514	0.12123	0.877341	0.00142968
2022.13	0.190393	0.809407	0.000200473	0.121063	0.877518	0.00141886
2022.25	0.190311	0.8095	0.000189905	0.120898	0.877694	0.00140804
2022.38	0.190228	0.809592	0.0001798	0.120735	0.877868	0.00139722
2022.5	0.190144	0.809686	0.000170147	0.120574	0.87804	0.00138642
2022.63	0.19006	0.809779	0.000160937	0.120415	0.87821	0.00137563
2022.75	0.189976	0.809872	0.000152157	0.120257	0.878378	0.00136487
2022.88	0.18989	0.809966	0.000143795	0.120101	0.878545	0.00135414
2023	0.189804	0.81006	0.000135837	0.119947	0.87871	0.00134345
2023.13	0.189717	0.810154	0.000128271	0.119794	0.878873	0.0013328
2023.25	0.18963	0.810249	0.000121081	0.119642	0.879035	0.00132219
2023.38	0.189541	0.810344	0.000114254	0.119492	0.879196	0.00131162
2023.5	0.189452	0.81044	0.000107777	0.119344	0.879355	0.00130111
2023.63	0.189362	0.810536	0.000101635	0.119197	0.879512	0.00129064
2023.75	0.189271	0.810633	9.58137e-005	0.119051	0.879669	0.00128024
2023.88	0.18918	0.81073	9.03003e-005	0.118907	0.879824	0.00126989
2024	0.189087	0.810828	8.50809e-005	0.118763	0.879977	0.0012596
2024.13	0.188994	0.810926	8.01424e-005	0.118621	0.88013	0.00124937
2024.25	0.188899	0.811025	7.54719e-005	0.11848	0.880281	0.0012392
2024.38	0.188804	0.811125	7.10569e-005	0.11834	0.880431	0.0012291
2024.5	0.188707	0.811226	6.68851e-005	0.118201	0.88058	0.00121906
2024.63	0.18861	0.811327	6.29448e-005	0.118063	0.880727	0.00120909
2024.75	0.188512	0.811429	5.92245e-005	0.117927	0.880874	0.00119919
2024.88	0.188412	0.811532	5.57133e-005	0.117791	0.88102	0.00118935
2025	0.188312	0.811636	5.24005e-005	0.117655	0.881165	0.00117959
2025.13	0.18821	0.811741	4.9276e-005	0.117521	0.881309	0.00116989
2025.25	0.188107	0.811847	4.63299e-005	0.117388	0.881452	0.00116026
2025.38	0.188003	0.811954	4.3553e-005	0.117255	0.881594	0.00115071
2025.5	0.187898	0.812061	4.09362e-005	0.117123	0.881736	0.00114122
2025.63	0.187791	0.81217	3.8471e-005	0.116992	0.881876	0.00113181
2025.75	0.187683	0.81228	3.61492e-005	0.116861	0.882016	0.00112246
2025.88	0.187575	0.812392	3.3963e-005	0.116731	0.882156	0.00111319
2026	0.187464	0.812504	3.19049e-005	0.116602	0.882294	0.00110399
2026.13	0.187353	0.812617	2.99678e-005	0.116473	0.882432	0.00109485
2026.25	0.18724	0.812732	2.81451e-005	0.116345	0.88257	0.00108579
2026.38	0.187125	0.812848	2.64302e-005	0.116217	0.882707	0.0010768
2026.5	0.187009	0.812966	2.48172e-005	0.116089	0.882843	0.00106788
2026.63	0.186892	0.813085	2.33003e-005	0.115962	0.882979	0.00105903
2026.75	0.186773	0.813205	2.1874e-005	0.115835	0.883114	0.00105025
2026.88	0.186653	0.813326	2.0533e-005	0.115709	0.883249	0.00104154
2027	0.186531	0.81345	1.92725e-005	0.115583	0.883384	0.0010329
2027.13	0.186408	0.813574	1.80879e-005	0.115457	0.883518	0.00102433
2027.25	0.186283	0.8137	1.69747e-005	0.115332	0.883652	0.00101583
2027.38	0.186156	0.813828	1.59288e-005	0.115207	0.883786	0.0010074
2027.5	0.186028	0.813957	1.49462e-005	0.115082	0.883919	0.000999031
2027.63	0.185898	0.814088	1.40232e-005	0.114957	0.884053	0.000990733
2027.75	0.185766	0.814221	1.31563e-005	0.114832	0.884186	0.000982502
2027.88	0.185632	0.814355	1.23421e-005	0.114707	0.884318	0.000974339
2028	0.185497	0.814492	1.15777e-005	0.114583	0.884451	0.000966241
2028.13	0.18536	0.814629	1.08599e-005	0.114458	0.884584	0.00095821
2028.25	0.185221	0.814769	1.0186e-005	0.114333	0.884716	0.000950245
2028.38	0.18508	0.814911	9.55346e-006	0.114209	0.884849	0.000942345
2028.5	0.184937	0.815054	8.9597e-006	0.114084	0.884981	0.000934509
2028.63	0.184792	0.8152	8.40241e-006	0.11396	0.885114	0.000926738
2028.75	0.184645	0.815347	7.8794e-006	0.113835	0.885246	0.000919031
2028.88	0.184496	0.815497	7.38861e-006	0.11371	0.885379	0.000911387
2029	0.184345	0.815648	6.92807e-006	0.113585	0.885512	0.000903806
2029.13	0.184192	0.815802	6.49597e-006	0.113459	0.885644	0.000896288
2029.25	0.184037	0.815957	6.09056e-006	0.113334	0.885777	0.000888832
2029.38	0.183879	0.816115	5.71024e-006	0.113208	0.88591	0.000881437
2029.5	0.18372	0.816275	5.35346e-006	0.113082	0.886044	0.000874103
2029.63	0.183558	0.816437	5.01879e-006	0.112956	0.886177	0.00086683
2029.75	0.183394	0.816602	4.70488e-006	0.112829	0.886311	0.000859617
2029.88	0.183227	0.816769	4.41046e-006	0.112702	0.886445	0.000852464
2030	0.183058	0.816938	4.13433e-006	0.112575	0.88658	0.00084537
2030.13	0.182887	0.817109	3.87537e-006	0.112447	0.886714	0.000838335
2030.25	0.182713	0.817283	3.63253e-006	0.112319	0.88685	0.000831358
2030.38	0.182537	0.817459	3.4048e-006	0.112191	0.886985	0.000824439
2030.5	0.182359	0.817638	3.19127e-006	0.112062	0.887121	0.000817577
2030.63	0.182178	0.817819	2.99105e-006	0.111932	0.887257	0.000810772
2030.75	0.181994	0.818003	2.80333e-006	0.111802	0.887394	0.000804024
2030.88	0.181808	0.81819	2.62732e-006	0.111671	0.887531	0.000797332
2031	0.181619	0.818379	2.46231e-006	0.11154	0.887669	0.000790695
2031.13	0.181427	0.81857	2.30761e-006	0.111409	0.887807	0.000784113
2031.25	0.181233	0.818765	2.16259e-006	0.111276	0.887946	0.000777586
2031.38	0.181036	0.818962	2.02664e-006	0.111143	0.888085	0.000771113
2031.5	0.180836	0.819162	1.8992e-006	0.11101	0.888225	0.000764695
2031.63	0.180634	0.819364	1.77974e-006	0.110876	0.888366	0.000758329
2031.75	0.180428	0.81957	1.66776e-006	0.110741	0.888507	0.000752016
2031.88	0.18022	0.819778	1.5628e-006	0.110605	0.888649	0.000745756
2032	0.180009	0.81999	1.46443e-006	0.110469	0.888792	0.000739548
2032.13	0.179795	0.820204	1.37222e-006	0.110331	0.888935	0.000733391
2032.25	0.179578	0.820421	1.2858e-006	0.110193	0.889079	0.000727286
2032.38	0.179358	0.820641	1.20481e-006	0.110055	0.889224	0.000721231
2032.5	0.179135	0.820864	1.1289e-006	0.109915	0.88937	0.000715227
2032.63	0.178908	0.82109	1.05777e-006	0.109775	0.889516	0.000709272
2032.75	0.178679	0.82132	9.91097e-007	0.109633	0.889663	0.000703368
2032.88	0.178447	0.821552	9.28619e-007	0.109491	0.889811	0.000697512
2033	0.178211	0.821788	8.70069e-007	0.109348	0.88996	0.000691705
2033.13	0.177972	0.822027	8.15202e-007	0.109204	0.89011	0.000685946
2033.25	0.17773	0.822269	7.63787e-007	0.109059	0.890261	0.000680236
2033.38	0.177485	0.822514	7.15607e-007	0.108913	0.890412	0.000674572
2033.5	0.177236	0.822763	6.70459e-007	0.108766	0.890565	0.000668956
2033.63	0.176985	0.823015	6.28154e-007	0.108618	0.890719	0.000663387
2033.75	0.176729	0.82327	5.88513e-007	0.108469	0.890873	0.000657864
2033.88	0.176471	0.823529	5.51369e-007	0.108319	0.891029	0.000652387
2034	0.176209	0.823791	5.16565e-007	0.108168	0.891185	0.000646955
2034.13	0.175943	0.824056	4.83954e-007	0.108016	0.891343	0.000641569
2034.25	0.175674	0.824325	4.53398e-007	0.107863	0.891501	0.000636228
2034.38	0.175402	0.824598	4.24768e-007	0.107708	0.891661	0.000630931
2034.5	0.175126	0.824874	3.97943e-007	0.107553	0.891822	0.000625678
2034.63	0.174846	0.825153	3.7281e-007	0.107396	0.891984	0.000620468
2034.75	0.174563	0.825436	3.49262e-007	0.107238	0.892147	0.000615303
2034.88	0.174277	0.825723	3.27199e-007	0.107079	0.892311	0.00061018
2035	0.173986	0.826013	3.06528e-007	0.106919	0.892476	0.0006051
2035.13	0.173692	0.826307	2.87161e-007	0.106757	0.892643	0.000600062
2035.25	0.173395	0.826605	2.69016e-007	0.106595	0.89281	0.000595066
2035.38	0.173094	0.826906	2.52017e-007	0.106431	0.892979	0.000590111
2035.5	0.172789	0.827211	2.3609e-007	0.106265	0.893149	0.000585198
2035.63	0.17248	0.82752	2.21169e-007	0.106099	0.893321	0.000580326
2035.75	0.172168	0.827832	2.0719e-007	0.105931	0.893493	0.000575494
2035.88	0.171852	0.828148	1.94094e-007	0.105762	0.893667	0.000570703
2036	0.171532	0.828468	1.81825e-007	0.105592	0.893842	0.000565951
2036.13	0.171208	0.828791	1.70331e-007	0.10542	0.894019	0.000561239
2036.25	0.170881	0.829119	1.59562e-007	0.105247	0.894197	0.000556566
2036.38	0.17055	0.82945	1.49474e-007	0.105072	0.894376	0.000551932
2036.5	0.170215	0.829785	1.40023e-007	0.104896	0.894556	0.000547337
2036.63	0.169876	0.830124	1.31169e-007	0.104719	0.894738	0.00054278
2036.75	0.169533	0.830466	1.22875e-007	0.10454	0.894921	0.000538261
2036.88	0.169187	0.830813	1.15105e-007	0.10436	0.895106	0.000533779
2037	0.168837	0.831163	1.07826e-007	0.104179	0.895292	0.000529335
2037.13	0.168483	0.831517	1.01007e-007	0.103996	0.895479	0.000524928
2037.25	0.168125	0.831875	9.46186e-008	0.103812	0.895668	0.000520557
2037.38	0.167763	0.832237	8.86343e-008	0.103626	0.895858	0.000516223
2037.5	0.167398	0.832602	8.30283e-008	0.103438	0.89605	0.000511925
2037.63	0.167028	0.832972	7.77766e-008	0.10325	0.896243	0.000507663
2037.75	0.166655	0.833345	7.2857e-008	0.10306	0.896437	0.000503436
2037.88	0.166278	0.833722	6.82484e-008	0.102868	0.896633	0.000499245
2038	0.165897	0.834103	6.39312e-008	0.102675	0.89683	0.000495088
2038.13	0.165513	0.834487	5.9887e-008	0.10248	0.897029	0.000490966
2038.25	0.165124	0.834876	5.60985e-008	0.102284	0.897229	0.000486878
2038.38	0.164732	0.835268	5.25495e-008	0.102086	0.897431	0.000482824
2038.5	0.164336	0.835664	4.9225e-008	0.101887	0.897634	0.000478804
2038.63	0.163937	0.836063	4.61108e-008	0.101686	0.897839	0.000474818
2038.75	0.163533	0.836466	4.31935e-008	0.101484	0.898045	0.000470864
2038.88	0.163126	0.836874	4.04607e-008	0.10128	0.898253	0.000466944
2039	0.162716	0.837284	3.79008e-008	0.101075	0.898462	0.000463056
2039.13	0.162301	0.837699	3.55028e-008	0.100868	0.898673	0.000459201
2039.25	0.161883	0.838117	3.32564e-008	0.10066	0.898885	0.000455377
2039.38	0.161462	0.838538	3.11522e-008	0.10045	0.899098	0.000451586
2039.5	0.161037	0.838963	2.91811e-008	0.100239	0.899313	0.000447826
2039.63	0.160608	0.839392	2.73346e-008	0.100026	0.89953	0.000444097
2039.75	0.160176	0.839824	2.5605e-008	0.0998115	0.899748	0.0004404
2039.88	0.15974	0.84026	2.39848e-008	0.0995955	0.899968	0.000436733
2040	0.159301	0.840699	2.24671e-008	0.0993781	0.900189	0.000433097
2040.13	0.158859	0.841141	2.10454e-008	0.0991591	0.900411	0.000429491
2040.25	0.158413	0.841587	1.97137e-008	0.0989386	0.900635	0.000425915
2040.38	0.157964	0.842036	1.84662e-008	0.0987167	0.900861	0.000422368
2040.5	0.157511	0.842489	1.72977e-008	0.0984932	0.901088	0.000418852
2040.63	0.157056	0.842944	1.62031e-008	0.0982682	0.901316	0.000415364
2040.75	0.156597	0.843403	1.51777e-008	0.0980417	0.901546	0.000411906
2040.88	0.156135	0.843865	1.42172e-008	0.0978138	0.901778	0.000408476
2041	0.15567	0.84433	1.33175e-008	0.0975844	0.902011	0.000405075
2041.13	0.155202	0.844798	1.24748e-008	0.0973535	0.902245	0.000401702
2041.25	0.154731	0.845269	1.16853e-008	0.0971211	0.902481	0.000398358
2041.38	0.154257	0.845743	1.09459e-008	0.0968873	0.902718	0.000395041
2041.5	0.153781	0.846219	1.02532e-008	0.0966521	0.902956	0.000391752
2041.63	0.153301	0.846699	9.6043e-009	0.0964154	0.903196	0.00038849
2041.75	0.152819	0.847181	8.9965e-009	0.0961773	0.903437	0.000385255
2041.88	0.152334	0.847666	8.42716e-009	0.0959378	0.90368	0.000382048
2042	0.151847	0.848153	7.89385e-009	0.0956969	0.903924	0.000378867
2042.13	0.151357	0.848643	7.39429e-009	0.0954547	0.90417	0.000375712
2042.25	0.150864	0.849136	6.92635e-009	0.0952111	0.904416	0.000372584
2042.38	0.150369	0.849631	6.48802e-009	0.0949661	0.904664	0.000369482
2042.5	0.149872	0.850128	6.07742e-009	0.0947198	0.904914	0.000366405
2042.63	0.149372	0.850628	5.69281e-009	0.0944721	0.905164	0.000363354
2042.75	0.148871	0.851129	5.33254e-009	0.0942232	0.905416	0.000360329
2042.88	0.148367	0.851633	4.99507e-009	0.093973	0.90567	0.000357329
2043	0.147861	0.852139	4.67896e-009	0.0937214	0.905924	0.000354354
2043.13	0.147353	0.852647	4.38285e-009	0.0934687	0.90618	0.000351403
2043.25	0.146843	0.853157	4.10548e-009	0.0932147	0.906437	0.000348477
2043.38	0.146331	0.853669	3.84567e-009	0.0929594	0.906695	0.000345576
2043.5	0.145818	0.854182	3.60229e-009	0.092703	0.906954	0.000342699
2043.63	0.145303	0.854697	3.37432e-009	0.0924454	0.907215	0.000339845
2043.75	0.144786	0.855214	3.16078e-009	0.0921866	0.907476	0.000337015
2043.88	0.144267	0.855733	2.96075e-009	0.0919267	0.907739	0.000334209
2044	0.143747	0.856253	2.77338e-009	0.0916656	0.908003	0.000331427
2044.13	0.143226	0.856774	2.59787e-009	0.0914035	0.908268	0.000328667
2044.25	0.142703	0.857297	2.43347e-009	0.0911402	0.908534	0.00032593
2044.38	0.14218	0.85782	2.27947e-009	0.0908759	0.908801	0.000323217
2044.5	0.141654	0.858346	2.13522e-009	0.0906105	0.909069	0.000320525
2044.63	0.141128	0.858872	2.00009e-009	0.0903441	0.909338	0.000317857
2044.75	0.140601	0.859399	1.87352e-009	0.0900767	0.909608	0.00031521
2044.88	0.140073	0.859927	1.75496e-009	0.0898083	0.909879	0.000312586
2045	0.139544	0.860456	1.6439e-009	0.089539	0.910151	0.000309983
2045.13	0.139014	0.860986	1.53987e-009	0.0892687	0.910424	0.000307402
2045.25	0.138483	0.861517	1.44243e-009	0.0889975	0.910698	0.000304842
2045.38	0.137952	0.862048	1.35115e-009	0.0887254	0.910972	0.000302304
2045.5	0.13742	0.86258	1.26565e-009	0.0884525	0.911248	0.000299787
2045.63	0.136887	0.863113	1.18555e-009	0.0881787	0.911524	0.000297291
2045.75	0.136354	0.863646	1.11053e-009	0.087904	0.911801	0.000294815
2045.88	0.135821	0.864179	1.04026e-009	0.0876286	0.912079	0.000292361
2046	0.135287	0.864713	9.74429e-010	0.0873523	0.912358	0.000289926
2046.13	0.134753	0.865247	9.12768e-010	0.0870753	0.912637	0.000287512
2046.25	0.134219	0.865781	8.55009e-010	0.0867976	0.912917	0.000285118
2046.38	0.133684	0.866316	8.00905e-010	0.0865191	0.913198	0.000282744
2046.5	0.13315	0.86685	7.50224e-010	0.08624	0.91348	0.00028039
2046.63	0.132615	0.867384	7.02752e-010	0.0859601	0.913762	0.000278055
2046.75	0.132081	0.867919	6.58283e-010	0.0856796	0.914045	0.00027574
2046.88	0.131547	0.868453	6.16629e-010	0.0853985	0.914328	0.000273444
2047	0.131012	0.868988	5.7761e-010	0.0851168	0.914612	0.000271167
2047.13	0.130478	0.869522	5.41061e-010	0.0848344	0.914897	0.00026891
2047.25	0.129945	0.870055	5.06825e-010	0.0845516	0.915182	0.000266671
2047.38	0.129411	0.870589	4.74755e-010	0.0842681	0.915467	0.00026445
2047.5	0.128878	0.871122	4.44715e-010	0.0839841	0.915754	0.000262248
2047.63	0.128345	0.871655	4.16576e-010	0.0836997	0.91604	0.000260065
2047.75	0.127813	0.872187	3.90217e-010	0.0834147	0.916327	0.000257899
2047.88	0.127281	0.872719	3.65527e-010	0.0831292	0.916615	0.000255752
2048	0.12675	0.87325	3.42399e-010	0.0828434	0.916903	0.000253622
2048.13	0.126219	0.873781	3.20734e-010	0.082557	0.917191	0.00025151
2048.25	0.125689	0.874311	3.0044e-010	0.0822703	0.91748	0.000249416
2048.38	0.12516	0.87484	2.81431e-010	0.0819832	0.917769	0.00024734
2048.5	0.124631	0.875369	2.63624e-010	0.0816957	0.918059	0.00024528
2048.63	0.124103	0.875897	2.46944e-010	0.0814078	0.918349	0.000243238
2048.75	0.123575	0.876425	2.3132e-010	0.0811196	0.918639	0.000241212
2048.88	0.123049	0.876951	2.16685e-010	0.0808311	0.91893	0.000239204
2049	0.122523	0.877477	2.02975e-010	0.0805422	0.919221	0.000237212
2049.13	0.121998	0.878002	1.90133e-010	0.0802531	0.919512	0.000235237
2049.25	0.121474	0.878526	1.78103e-010	0.0799637	0.919803	0.000233278
2049.38	0.120951	0.879049	1.66835e-010	0.079674	0.920095	0.000231336
2049.5	0.120429	0.879571	1.5628e-010	0.0793841	0.920387	0.00022941
2049.63	0.119908	0.880092	1.46393e-010	0.0790939	0.920679	0.000227499
2049.75	0.119387	0.880613	1.37131e-010	0.0788035	0.920971	0.000225605
2049.88	0.118868	0.881132	1.28455e-010	0.0785129	0.921263	0.000223727
2050	0.11835	0.88165	1.20328e-010	0.0782221	0.921556	0.000221864
