Time	Trip Fraction[public transport]	Trip Fraction[regular car]	Trip Fraction[electric car]	Owner Fraction[public transport]	Owner Fraction[regular car]	Owner Fraction[electric car]
2010	0.239457	0.760543	0	0.198895	0.801105	0
2010.13	0.239457	0.760543	0	0.198895	0.801105	0
2010.25	0.237458	0.762542	0	0.197069	0.802931	0
2010.38	0.235477	0.764523	0	0.195267	0.804733	0
2010.5	0.233519	0.766481	0	0.193493	0.806507	0
2010.63	0.231584	0.768416	0	0.191747	0.808253	0
2010.75	0.229672	0.770328	0	0.190027	0.809973	0
2010.88	0.227783	0.772217	0	0.188334	0.811666	0
2011	0.225918	0.774082	0	0.186667	0.813333	0
2011.13	0.224077	0.775923	0	0.185026	0.814974	0
2011.25	0.22226	0.77774	0	0.18341	0.81659	0
2011.38	0.220467	0.779533	0	0.18182	0.81818	0
2011.5	0.218699	0.781301	0	0.180255	0.819745	0
2011.63	0.216954	0.783046	0	0.178714	0.821286	0
2011.75	0.215234	0.784766	0	0.177197	0.822803	0
2011.88	0.213538	0.786462	0	0.175704	0.824296	0
2012	0.211867	0.788133	0	0.174234	0.825766	0
2012.13	0.210219	0.789781	0	0.172788	0.827212	0
2012.25	0.208595	0.791405	0	0.171364	0.828636	0
2012.38	0.206995	0.793005	0	0.169963	0.830037	0
2012.5	0.205418	0.794582	0	0.168584	0.831416	0
2012.63	0.203865	0.796135	0	0.167226	0.832774	0
2012.75	0.202334	0.797666	0	0.16589	0.834109	3.05573e-007
2012.88	0.200827	0.799173	1.27323e-009	0.164575	0.835424	1.47824e-006
2013	0.199342	0.800658	1.47635e-008	0.16328	0.836715	4.28988e-006
2013.13	0.19788	0.80212	8.0722e-008	0.162006	0.837985	9.68096e-006
2013.25	0.19644	0.80356	2.93403e-007	0.160751	0.839231	1.87221e-005
2013.38	0.195021	0.804978	8.19608e-007	0.159515	0.840452	3.25793e-005
2013.5	0.193624	0.806374	1.90581e-006	0.158298	0.841649	5.24817e-005
2013.63	0.192248	0.807748	3.8762e-006	0.157099	0.842821	7.96931e-005
2013.75	0.190893	0.809099	7.12629e-006	0.155919	0.843966	0.000115486
2013.88	0.189559	0.810429	1.21151e-005	0.154755	0.845083	0.000161116
2014	0.188244	0.811737	1.93571e-005	0.153609	0.846173	0.000217808
2014.13	0.186948	0.813022	2.94151e-005	0.152479	0.847234	0.000286728
2014.25	0.185672	0.814286	4.28916e-005	0.151366	0.848265	0.000368977
2014.38	0.184413	0.815526	6.04223e-005	0.150267	0.849267	0.00046557
2014.5	0.183173	0.816744	8.26674e-005	0.149185	0.850238	0.000577432
2014.63	0.18195	0.817939	0.000110304	0.148116	0.851178	0.000705383
2014.75	0.180744	0.819112	0.000144021	0.147063	0.852087	0.000850133
2014.88	0.179555	0.820261	0.000184505	0.146023	0.852965	0.00101228
2015	0.178381	0.821386	0.00023244	0.144996	0.853811	0.0011923
2015.13	0.177223	0.822489	0.000288497	0.143983	0.854626	0.00139054
2015.25	0.176079	0.823568	0.000353327	0.142983	0.85541	0.00160726
2015.38	0.17495	0.824623	0.000427555	0.141994	0.856163	0.00184255
2015.5	0.173834	0.825654	0.000511773	0.141018	0.856885	0.00209642
2015.63	0.172732	0.826662	0.000606536	0.140054	0.857578	0.00236876
2015.75	0.171642	0.827646	0.000712358	0.1391	0.858241	0.00265934
2015.88	0.170564	0.828606	0.000829705	0.138158	0.858875	0.00296782
2016	0.169498	0.829543	0.000958993	0.137226	0.859481	0.00329379
2016.13	0.168443	0.830456	0.00110058	0.136304	0.860059	0.00363672
2016.25	0.167399	0.831346	0.00125479	0.135392	0.860612	0.00399601
2016.38	0.166365	0.832213	0.00142185	0.13449	0.861139	0.00437098
2016.5	0.165341	0.833058	0.00160196	0.133597	0.861642	0.00476089
2016.63	0.164325	0.83388	0.00179525	0.132713	0.862122	0.00516493
2016.75	0.163318	0.83468	0.00200179	0.131838	0.862579	0.00558225
2016.88	0.16232	0.835458	0.0022216	0.130972	0.863016	0.00601196
2017	0.161329	0.836216	0.00245463	0.130114	0.863433	0.00645314
2017.13	0.160346	0.836953	0.00270078	0.129263	0.863832	0.00690483
2017.25	0.15937	0.83767	0.0029599	0.128421	0.864213	0.00736608
2017.38	0.1584	0.838368	0.00323177	0.127586	0.864579	0.00783592
2017.5	0.157437	0.839047	0.00351615	0.126758	0.864929	0.0083134
2017.63	0.156479	0.839709	0.00381274	0.125937	0.865266	0.00879756
2017.75	0.155526	0.840352	0.00412119	0.125123	0.86559	0.00928747
2017.88	0.154579	0.84098	0.00444113	0.124315	0.865903	0.00978222
2018	0.153637	0.841591	0.00477214	0.123514	0.866205	0.0102809
2018.13	0.152699	0.842187	0.00511378	0.122719	0.866499	0.0107828
2018.25	0.151765	0.842769	0.00546559	0.121929	0.866784	0.0112869
2018.38	0.150835	0.843338	0.00582707	0.121146	0.867062	0.0117927
2018.5	0.149909	0.843893	0.00619771	0.120368	0.867333	0.0122993
2018.63	0.148986	0.844437	0.006577	0.119595	0.867599	0.012806
2018.75	0.148066	0.844969	0.00696441	0.118827	0.86786	0.0133124
2018.88	0.14715	0.845491	0.0073594	0.118065	0.868117	0.0138178
2019	0.146236	0.846003	0.00776143	0.117307	0.868371	0.0143217
2019.13	0.145325	0.846505	0.00816997	0.116554	0.868623	0.0148237
2019.25	0.144416	0.847	0.00858448	0.115805	0.868872	0.0153233
2019.38	0.143509	0.847486	0.00900445	0.11506	0.869119	0.0158203
2019.5	0.142605	0.847966	0.00942936	0.11432	0.869366	0.0163143
2019.63	0.141702	0.848439	0.00985871	0.113584	0.869611	0.0168051
2019.75	0.140802	0.848906	0.010292	0.112851	0.869856	0.0172925
2019.88	0.139903	0.849368	0.0107288	0.112122	0.870101	0.0177763
2020	0.139006	0.849825	0.0111687	0.111397	0.870347	0.0182563
2020.13	0.138111	0.850278	0.0116111	0.110675	0.870592	0.0187325
2020.25	0.137218	0.850727	0.0120558	0.109957	0.870838	0.0192049
2020.38	0.136326	0.851172	0.0125023	0.109242	0.871085	0.0196734
2020.5	0.135436	0.851614	0.0129502	0.10853	0.871332	0.0201381
2020.63	0.134547	0.852054	0.0133993	0.107821	0.87158	0.0205989
2020.75	0.13366	0.852491	0.0138492	0.107115	0.871829	0.0210559
2020.88	0.132775	0.852926	0.0142996	0.106412	0.872078	0.0215092
2021	0.131891	0.853358	0.0147503	0.105712	0.872329	0.021959
2021.13	0.131009	0.85379	0.015201	0.105015	0.87258	0.0224052
2021.25	0.130129	0.854219	0.0156514	0.104321	0.872831	0.0228481
2021.38	0.129251	0.854647	0.0161015	0.103629	0.873083	0.0232877
2021.5	0.128375	0.855074	0.0165509	0.10294	0.873336	0.0237243
2021.63	0.1275	0.8555	0.0169996	0.102253	0.873589	0.0241579
2021.75	0.126628	0.855925	0.0174474	0.10157	0.873842	0.0245888
2021.88	0.125758	0.856348	0.0178942	0.100888	0.874094	0.025017
2022	0.12489	0.85677	0.0183398	0.10021	0.874347	0.0254428
2022.13	0.124024	0.857192	0.0187843	0.0995339	0.8746	0.0258663
2022.25	0.123161	0.857612	0.0192274	0.0988604	0.874852	0.0262877
2022.38	0.1223	0.858031	0.0196693	0.0981895	0.875103	0.0267071
2022.5	0.121442	0.858448	0.0201097	0.0975212	0.875354	0.0271247
2022.63	0.120587	0.858865	0.0205488	0.0968555	0.875604	0.0275406
2022.75	0.119734	0.85928	0.0209865	0.0961924	0.875853	0.027955
2022.88	0.118884	0.859693	0.0214227	0.0955319	0.8761	0.0283681
2023	0.118038	0.860105	0.0218575	0.094874	0.876346	0.02878
2023.13	0.117194	0.860515	0.0222909	0.0942187	0.876591	0.0291908
2023.25	0.116354	0.860923	0.0227228	0.0935661	0.876833	0.0296006
2023.38	0.115517	0.86133	0.0231535	0.0929161	0.877074	0.0300096
2023.5	0.114683	0.861734	0.0235828	0.0922689	0.877313	0.030418
2023.63	0.113854	0.862136	0.0240108	0.0916243	0.87755	0.0308257
2023.75	0.113027	0.862535	0.0244375	0.0909825	0.877784	0.031233
2023.88	0.112205	0.862932	0.0248631	0.0903435	0.878017	0.0316398
2024	0.111386	0.863327	0.0252875	0.0897072	0.878246	0.0320465
2024.13	0.110571	0.863718	0.0257108	0.0890738	0.878473	0.0324529
2024.25	0.10976	0.864107	0.0261331	0.0884431	0.878698	0.0328592
2024.38	0.108953	0.864493	0.0265544	0.0878153	0.878919	0.0332655
2024.5	0.10815	0.864875	0.0269747	0.0871903	0.879138	0.0336718
2024.63	0.107351	0.865254	0.0273942	0.0865683	0.879353	0.0340783
2024.75	0.106557	0.86563	0.027813	0.0859491	0.879566	0.0344849
2024.88	0.105767	0.866002	0.0282309	0.0853328	0.879775	0.0348918
2025	0.104981	0.866371	0.0286482	0.0847194	0.879982	0.0352989
2025.13	0.104199	0.866736	0.0290649	0.084109	0.880185	0.0357064
2025.25	0.103422	0.867097	0.029481	0.0835015	0.880384	0.0361143
2025.38	0.10265	0.867454	0.0298966	0.0828969	0.880581	0.0365226
2025.5	0.101881	0.867807	0.0303118	0.0822953	0.880773	0.0369313
2025.63	0.101118	0.868156	0.0307266	0.0816966	0.880963	0.0373405
2025.75	0.100358	0.868501	0.0311411	0.0811008	0.881149	0.0377503
2025.88	0.0996035	0.868841	0.0315552	0.080508	0.881331	0.0381606
2026	0.0988532	0.869178	0.0319692	0.0799182	0.88151	0.0385715
2026.13	0.0981074	0.86951	0.032383	0.0793312	0.881686	0.038983
2026.25	0.0973661	0.869837	0.0327967	0.0787472	0.881858	0.039395
2026.38	0.0966293	0.87016	0.0332103	0.078166	0.882026	0.0398078
2026.5	0.095897	0.870479	0.0336238	0.0775878	0.882191	0.0402212
2026.63	0.0951691	0.870794	0.0340374	0.0770124	0.882352	0.0406352
2026.75	0.0944456	0.871103	0.034451	0.0764398	0.88251	0.0410499
2026.88	0.0937266	0.871409	0.0348647	0.0758701	0.882665	0.0414653
2027	0.0930118	0.87171	0.0352786	0.0753031	0.882815	0.0418814
2027.13	0.0923014	0.872006	0.0356926	0.0747389	0.882963	0.0422983
2027.25	0.0915952	0.872298	0.0361068	0.0741774	0.883107	0.0427158
2027.38	0.0908933	0.872586	0.0365212	0.0736186	0.883247	0.0431341
2027.5	0.0901955	0.872869	0.0369359	0.0730624	0.883384	0.0435531
2027.63	0.0895018	0.873147	0.037351	0.0725089	0.883518	0.0439729
2027.75	0.0888121	0.873422	0.0377663	0.0719578	0.883649	0.0443935
2027.88	0.0881264	0.873692	0.038182	0.0714093	0.883776	0.0448148
2028	0.0874446	0.873957	0.0385981	0.0708632	0.8839	0.0452369
2028.13	0.0867666	0.874219	0.0390146	0.0703195	0.884021	0.0456598
2028.25	0.0860924	0.874476	0.0394315	0.0697781	0.884138	0.0460835
2028.38	0.0854218	0.874729	0.0398489	0.069239	0.884253	0.046508
2028.5	0.0847548	0.874978	0.0402667	0.068702	0.884365	0.0469334
2028.63	0.0840912	0.875224	0.0406851	0.0681671	0.884473	0.0473596
2028.75	0.083431	0.875465	0.041104	0.0676343	0.884579	0.0477866
2028.88	0.0827741	0.875702	0.0415234	0.0671034	0.884682	0.0482146
2029	0.0821203	0.875936	0.0419435	0.0665744	0.884782	0.0486434
2029.13	0.0814696	0.876166	0.0423641	0.0660471	0.88488	0.0490731
2029.25	0.0808218	0.876393	0.0427853	0.0655215	0.884975	0.0495038
2029.38	0.0801768	0.876616	0.0432072	0.0649974	0.885067	0.0499354
2029.5	0.0795345	0.876836	0.0436297	0.0644748	0.885157	0.050368
2029.63	0.0788947	0.877052	0.0440529	0.0639536	0.885245	0.0508016
2029.75	0.0782573	0.877266	0.0444768	0.0634335	0.88533	0.0512362
2029.88	0.0776222	0.877476	0.0449014	0.0629145	0.885414	0.0516719
2030	0.0769892	0.877684	0.0453268	0.0623964	0.885495	0.0521087
2030.13	0.0763581	0.877889	0.045753	0.0618792	0.885574	0.0525466
2030.25	0.0757289	0.878091	0.0461799	0.0613637	0.885706	0.0529303
2030.38	0.0751014	0.878295	0.046604	0.0608498	0.885887	0.0532631
2030.5	0.0744756	0.878502	0.0470224	0.0603371	0.886115	0.0535477
2030.63	0.0738513	0.878716	0.0474323	0.0598254	0.886388	0.0537867
2030.75	0.0732285	0.87894	0.0478313	0.0593144	0.886703	0.0539825
2030.88	0.0726069	0.879176	0.0482174	0.0588039	0.887059	0.0541374
2031	0.0719864	0.879425	0.0485889	0.0582936	0.887453	0.0542533
2031.13	0.0713669	0.879689	0.0489441	0.0577833	0.887885	0.054332
2031.25	0.0707482	0.87997	0.0492817	0.0572728	0.888352	0.0543752
2031.38	0.0701301	0.880269	0.0496006	0.0567617	0.888854	0.0543844
2031.5	0.0695124	0.880588	0.0498999	0.0562501	0.889389	0.054361
2031.63	0.068895	0.880926	0.0501786	0.0557376	0.889956	0.0543063
2031.75	0.0682776	0.881286	0.0504361	0.0552241	0.890554	0.0542214
2031.88	0.0676602	0.881668	0.0506718	0.0547094	0.891183	0.0541077
2032	0.0670425	0.882072	0.0508853	0.0541936	0.89184	0.0539662
2032.13	0.0664244	0.882499	0.0510762	0.0536765	0.892526	0.0537979
2032.25	0.0658058	0.88295	0.0512442	0.0531582	0.893238	0.0536041
2032.38	0.0651867	0.883424	0.0513892	0.0526386	0.893976	0.0533858
2032.5	0.0645669	0.883922	0.0515111	0.0521179	0.894738	0.0531442
2032.63	0.0639465	0.884444	0.0516098	0.0515961	0.895524	0.0528803
2032.75	0.0633253	0.884989	0.0516855	0.0510734	0.896331	0.0525954
2032.88	0.0627036	0.885558	0.0517381	0.05055	0.897159	0.0522906
2033	0.0620813	0.886151	0.051768	0.0500262	0.898007	0.0519671
2033.13	0.0614585	0.886766	0.0517754	0.049502	0.898872	0.0516261
2033.25	0.0608354	0.887404	0.0517606	0.0489779	0.899753	0.0512689
2033.38	0.0602121	0.888064	0.0517239	0.0484541	0.900649	0.0508965
2033.5	0.0595888	0.888745	0.0516659	0.0479308	0.901559	0.0505103
2033.63	0.0589657	0.889447	0.0515869	0.0474083	0.90248	0.0501113
2033.75	0.0583431	0.890169	0.0514876	0.0468871	0.903412	0.0497007
2033.88	0.0577211	0.89091	0.0513684	0.0463672	0.904353	0.0492796
2034	0.0571001	0.89167	0.05123	0.045849	0.905302	0.0488491
2034.13	0.0564803	0.892447	0.051073	0.0453328	0.906257	0.0484102
2034.25	0.0558619	0.89324	0.050898	0.0448188	0.907217	0.0479639
2034.38	0.0552453	0.894049	0.0507057	0.0443073	0.908182	0.0475111
2034.5	0.0546307	0.894872	0.0504969	0.0437985	0.909149	0.0470528
2034.63	0.0540183	0.89571	0.0502721	0.0432926	0.910118	0.0465897
2034.75	0.0534085	0.896559	0.0500321	0.0427899	0.911087	0.0461227
2034.88	0.0528014	0.897421	0.0497777	0.0422904	0.912057	0.0456524
2035	0.0521974	0.898293	0.0495096	0.0417944	0.913026	0.0451797
2035.13	0.0515967	0.899175	0.0492284	0.0413021	0.913993	0.0447051
2035.25	0.0509994	0.900066	0.0489349	0.0408135	0.914957	0.0442293
2035.38	0.0504058	0.900964	0.0486297	0.0403289	0.915918	0.0437527
2035.5	0.0498161	0.90187	0.0483137	0.0398483	0.916876	0.043276
2035.63	0.0492305	0.902782	0.0479875	0.0393718	0.917829	0.0427996
2035.75	0.0486491	0.903699	0.0476516	0.0388995	0.918777	0.0423239
2035.88	0.0480722	0.904621	0.0473069	0.0384316	0.919719	0.0418493
2036	0.0474999	0.905546	0.0469539	0.037968	0.920656	0.0413762
2036.13	0.0469322	0.906475	0.0465933	0.0375089	0.921586	0.0409049
2036.25	0.0463694	0.907405	0.0462256	0.0370542	0.92251	0.0404358
2036.38	0.0458115	0.908337	0.0458515	0.0366041	0.923427	0.039969
2036.5	0.0452586	0.90927	0.0454715	0.0361586	0.924336	0.0395049
2036.63	0.0447109	0.910203	0.0450862	0.0357176	0.925239	0.0390437
2036.75	0.0441684	0.911136	0.044696	0.0352813	0.926133	0.0385856
2036.88	0.0436311	0.912067	0.0443015	0.0348496	0.92702	0.0381307
2037	0.0430992	0.912998	0.0439032	0.0344225	0.927898	0.0376792
2037.13	0.0425726	0.913926	0.0435016	0.0340001	0.928769	0.0372313
2037.25	0.0420515	0.914851	0.043097	0.0335824	0.929631	0.0367871
2037.38	0.0415359	0.915774	0.0426899	0.0331692	0.930484	0.0363466
2037.5	0.0410257	0.916694	0.0422807	0.0327607	0.931329	0.0359101
2037.63	0.040521	0.917609	0.0418698	0.0323568	0.932166	0.0354775
2037.75	0.0400217	0.918521	0.0414575	0.0319576	0.932993	0.035049
2037.88	0.0395281	0.919428	0.0410443	0.0315628	0.933812	0.0346246
2038	0.0390399	0.92033	0.0406303	0.0311727	0.934623	0.0342044
2038.13	0.0385572	0.921227	0.040216	0.0307871	0.935425	0.0337884
2038.25	0.03808	0.922118	0.0398016	0.0304059	0.936217	0.0333766
2038.38	0.0376082	0.923004	0.0393874	0.0300293	0.937002	0.0329692
2038.5	0.0371419	0.923884	0.0389737	0.029657	0.937777	0.0325659
2038.63	0.036681	0.924758	0.0385606	0.0292892	0.938544	0.032167
2038.75	0.0362256	0.925626	0.0381485	0.0289258	0.939302	0.0317725
2038.88	0.0357754	0.926487	0.0377376	0.0285667	0.940051	0.0313822
2039	0.0353307	0.927341	0.037328	0.0282119	0.940792	0.0309962
2039.13	0.0348912	0.928189	0.0369199	0.0278613	0.941524	0.0306146
2039.25	0.0344569	0.929029	0.0365136	0.027515	0.942248	0.0302372
2039.38	0.0340279	0.929863	0.0361091	0.0271729	0.942963	0.0298642
2039.5	0.0336041	0.930689	0.0357067	0.0268349	0.94367	0.0294954
2039.63	0.0331854	0.931508	0.0353064	0.026501	0.944368	0.0291308
2039.75	0.0327717	0.93232	0.0349085	0.0261712	0.945058	0.0287705
2039.88	0.0323631	0.933124	0.034513	0.0258453	0.94574	0.0284143
2040	0.0319595	0.93392	0.0341201	0.0255235	0.946414	0.0280624
2040.13	0.0315608	0.934709	0.0337298	0.0252056	0.94708	0.0277145
2040.25	0.0311671	0.935491	0.0333422	0.0248916	0.947738	0.0273708
2040.38	0.0307781	0.936264	0.0329575	0.0245815	0.948387	0.0270312
2040.5	0.030394	0.93703	0.0325757	0.0242751	0.949029	0.0266957
2040.63	0.0300146	0.937789	0.0321969	0.0239725	0.949663	0.0263641
2040.75	0.0296398	0.938539	0.0318211	0.0236737	0.95029	0.0260365
2040.88	0.0292698	0.939282	0.0314485	0.0233785	0.950909	0.0257129
2041	0.0289043	0.940017	0.031079	0.023087	0.95152	0.0253932
2041.13	0.0285433	0.940744	0.0307127	0.0227991	0.952124	0.0250773
2041.25	0.0281868	0.941464	0.0303497	0.0225147	0.95272	0.0247653
2041.38	0.0278347	0.942175	0.0299899	0.0222339	0.953309	0.0244571
2041.5	0.0274871	0.942879	0.0296335	0.0219565	0.953891	0.0241526
2041.63	0.0271437	0.943576	0.0292805	0.0216826	0.954466	0.0238518
2041.75	0.0268046	0.944265	0.0289308	0.0214121	0.955033	0.0235547
2041.88	0.0264698	0.944946	0.0285845	0.0211449	0.955594	0.0232613
2042	0.0261391	0.945619	0.0282416	0.020881	0.956147	0.0229715
2042.13	0.0258125	0.946285	0.0279022	0.0206204	0.956694	0.0226852
2042.25	0.02549	0.946944	0.0275661	0.0203631	0.957235	0.0224024
2042.38	0.0251716	0.947595	0.0272335	0.0201089	0.957768	0.0221232
2042.5	0.0248571	0.948238	0.0269044	0.0198579	0.958295	0.0218473
2042.63	0.0245466	0.948875	0.0265787	0.01961	0.958815	0.0215749
2042.75	0.0242399	0.949504	0.0262564	0.0193653	0.959329	0.0213058
2042.88	0.0239371	0.950125	0.0259376	0.0191235	0.959836	0.0210401
2043	0.023638	0.95074	0.0256221	0.0188848	0.960338	0.0207776
2043.13	0.0233427	0.951347	0.0253101	0.018649	0.960833	0.0205184
2043.25	0.023051	0.951947	0.0250015	0.0184162	0.961321	0.0202625
2043.38	0.0227631	0.952541	0.0246963	0.0181863	0.961804	0.0200096
2043.5	0.0224787	0.953127	0.0243945	0.0179592	0.962281	0.01976
2043.63	0.0221979	0.953706	0.0240961	0.017735	0.962752	0.0195134
2043.75	0.0219205	0.954279	0.0238009	0.0175135	0.963217	0.0192698
2043.88	0.0216467	0.954844	0.0235091	0.0172948	0.963676	0.0190293
2044	0.0213763	0.955403	0.0232207	0.0170789	0.964129	0.0187918
2044.13	0.0211092	0.955955	0.0229355	0.0168656	0.964577	0.0185573
2044.25	0.0208455	0.956501	0.0226535	0.016655	0.965019	0.0183256
2044.38	0.0205851	0.95704	0.0223749	0.016447	0.965456	0.0180969
2044.5	0.0203279	0.957573	0.0220994	0.0162417	0.965887	0.017871
2044.63	0.020074	0.958099	0.0218271	0.0160388	0.966313	0.0176479
2044.75	0.0198232	0.958619	0.021558	0.0158386	0.966734	0.0174275
2044.88	0.0195756	0.959132	0.0212921	0.0156408	0.967149	0.01721
2045	0.0193311	0.95964	0.0210292	0.0154454	0.967559	0.0169951
2045.13	0.0190896	0.960141	0.0207695	0.0152526	0.967965	0.0167829
2045.25	0.0188511	0.960636	0.0205128	0.0150621	0.968365	0.0165733
2045.38	0.0186157	0.961125	0.0202592	0.014874	0.96876	0.0163664
2045.5	0.0183831	0.961608	0.0200086	0.0146882	0.96915	0.0161621
2045.63	0.0181535	0.962086	0.0197609	0.0145048	0.969535	0.0159602
2045.75	0.0179267	0.962557	0.0195162	0.0143236	0.969915	0.0157609
2045.88	0.0177028	0.963023	0.0192745	0.0141448	0.970291	0.0155641
2046	0.0174817	0.963483	0.0190356	0.0139681	0.970662	0.0153698
2046.13	0.0172633	0.963937	0.0187996	0.0137937	0.971029	0.0151779
2046.25	0.0170477	0.964386	0.0185665	0.0136214	0.97139	0.0149883
2046.38	0.0168347	0.964829	0.0183362	0.0134513	0.971748	0.0148011
2046.5	0.0166245	0.965267	0.0181086	0.0132833	0.9721	0.0146163
2046.63	0.0155893	0.966512	0.0178989	0.0131174	0.972449	0.0144338
2046.75	0.0146178	0.967692	0.0176904	0.0129536	0.972793	0.0142535
2046.88	0.0137062	0.968811	0.0174832	0.0127918	0.973133	0.0140755
2047	0.012851	0.969872	0.0172775	0.012632	0.973468	0.0138997
2047.13	0.0120487	0.970878	0.0170732	0.0124743	0.9738	0.0137262
2047.25	0.0112962	0.971833	0.0168705	0.0123185	0.974127	0.0135547
2047.38	0.0105903	0.97274	0.0166694	0.0121646	0.97445	0.0133855
2047.5	0.00992831	0.973602	0.0164699	0.0120127	0.974769	0.0132183
2047.63	0.00930751	0.97442	0.0162722	0.0118627	0.975084	0.0130532
2047.75	0.00872537	0.975198	0.0160762	0.0117145	0.975395	0.0128902
2047.88	0.00817952	0.975938	0.015882	0.0115682	0.975703	0.0127292
2048	0.00766775	0.976643	0.0156896	0.0114237	0.976006	0.0125702
2048.13	0.00718794	0.977313	0.015499	0.011281	0.976306	0.0124132
2048.25	0.00673812	0.977952	0.0153103	0.0111401	0.976602	0.0122582
2048.38	0.00631645	0.97856	0.0151234	0.011001	0.976894	0.0121051
2048.5	0.00592117	0.97914	0.0149385	0.0108636	0.977183	0.0119539
2048.63	0.00555065	0.979694	0.0147554	0.0107279	0.977467	0.0118046
2048.75	0.00520336	0.980222	0.0145743	0.0105939	0.977749	0.0116572
2048.88	0.00487785	0.980727	0.0143951	0.0104616	0.978027	0.0115116
2049	0.00457276	0.981209	0.0142178	0.0103309	0.978301	0.0113678
2049.13	0.00428681	0.981671	0.0140424	0.0102019	0.978572	0.0112258
2049.25	0.00401883	0.982112	0.013869	0.0100745	0.97884	0.0110856
2049.38	0.00376767	0.982535	0.0136975	0.00994867	0.979104	0.0109472
2049.5	0.0035323	0.98294	0.0135279	0.00982441	0.979365	0.0108105
2049.63	0.00331172	0.983328	0.0133602	0.00970171	0.979623	0.0106754
2049.75	0.00310501	0.983701	0.0131944	0.00958054	0.979877	0.0105421
2049.88	0.00291129	0.984058	0.0130305	0.00946088	0.980129	0.0104104
2050	0.00272976	0.984402	0.0128686	0.00934271	0.980377	0.0102804
