Time	Trip Fraction[public transport]	Trip Fraction[regular car]	Trip Fraction[electric car]	Owner Fraction[public transport]	Owner Fraction[regular car]	Owner Fraction[electric car]
2010	0.239378	0.760622	0	0.160822	0.839178	0
2010.13	0.239378	0.760622	0	0.160822	0.839178	0
2010.25	0.236817	0.763183	0	0.159912	0.840088	0
2010.38	0.234394	0.765606	0	0.159018	0.840982	0
2010.5	0.232113	0.767887	0	0.158143	0.841857	0
2010.63	0.229965	0.770036	0	0.157288	0.842712	0
2010.75	0.227941	0.772059	0	0.156452	0.843548	0
2010.88	0.226034	0.773966	0	0.155634	0.844366	0
2011	0.224236	0.775764	0	0.154833	0.845167	0
2011.13	0.222542	0.777458	0	0.154049	0.845951	0
2011.25	0.220943	0.779057	0	0.153282	0.846718	0
2011.38	0.219435	0.780565	0	0.152531	0.847469	0
2011.5	0.218011	0.781989	0	0.151796	0.848204	0
2011.63	0.216667	0.783333	0	0.151076	0.848924	0
2011.75	0.215398	0.784602	0	0.150372	0.849628	0
2011.88	0.214198	0.785802	0	0.149681	0.850319	0
2012	0.213064	0.786936	0	0.149005	0.850995	0
2012.13	0.211991	0.788009	0	0.148343	0.851657	0
2012.25	0.210977	0.789023	0	0.147694	0.852306	0
2012.38	0.210016	0.789984	0	0.147058	0.852942	0
2012.5	0.209107	0.790893	0	0.146436	0.853564	0
2012.63	0.208245	0.791755	0	0.145825	0.854175	0
2012.75	0.207429	0.792571	0	0.145226	0.854761	1.36361e-005
2012.88	0.206655	0.793345	2.16578e-007	0.144636	0.855324	3.9622e-005
2013	0.205921	0.794078	1.05913e-006	0.144057	0.855865	7.87603e-005
2013.13	0.205226	0.794771	3.07532e-006	0.143487	0.856382	0.000131461
2013.25	0.204567	0.795426	6.89047e-006	0.142926	0.856876	0.000197807
2013.38	0.203941	0.796046	1.31584e-005	0.142375	0.857347	0.000277635
2013.5	0.203347	0.796631	2.25256e-005	0.141833	0.857797	0.000370597
2013.63	0.202782	0.797182	3.56066e-005	0.141299	0.858225	0.000476204
2013.75	0.202245	0.797702	5.29678e-005	0.140774	0.858633	0.000593864
2013.88	0.201734	0.79819	7.51172e-005	0.140257	0.85902	0.000722915
2014	0.201248	0.79865	0.000102499	0.139748	0.859389	0.000862644
2014.13	0.200784	0.799081	0.000135492	0.139248	0.85974	0.00101231
2014.25	0.200341	0.799484	0.000174406	0.138755	0.860073	0.00117116
2014.38	0.199918	0.799862	0.000219489	0.138271	0.860391	0.00133844
2014.5	0.199514	0.800215	0.000270926	0.137794	0.860692	0.0015134
2014.63	0.199127	0.800544	0.000328841	0.137326	0.860979	0.00169532
2014.75	0.198757	0.80085	0.000393307	0.136864	0.861252	0.00188351
2014.88	0.198402	0.801134	0.000464344	0.136411	0.861512	0.00207728
2015	0.198061	0.801397	0.000541926	0.135964	0.86176	0.00227601
2015.13	0.197734	0.80164	0.000625989	0.135525	0.861996	0.0024791
2015.25	0.197419	0.801865	0.00071643	0.135093	0.862221	0.00268599
2015.38	0.197116	0.802071	0.000813114	0.134669	0.862435	0.00289617
2015.5	0.196824	0.80226	0.000915879	0.134251	0.86264	0.00310916
2015.63	0.196543	0.802433	0.00102454	0.133841	0.862835	0.00332452
2015.75	0.196271	0.80259	0.00113889	0.133437	0.863021	0.00354185
2015.88	0.196009	0.802732	0.00125871	0.13304	0.8632	0.00376079
2016	0.195756	0.80286	0.00138376	0.132649	0.86337	0.00398102
2016.13	0.195511	0.802976	0.0015138	0.132265	0.863533	0.00420226
2016.25	0.195273	0.803078	0.00164858	0.131887	0.863689	0.00442424
2016.38	0.195043	0.803169	0.00178785	0.131516	0.863838	0.00464675
2016.5	0.19482	0.803249	0.00193135	0.13115	0.86398	0.00486958
2016.63	0.194603	0.803318	0.00207881	0.130791	0.864116	0.00509257
2016.75	0.194392	0.803378	0.00223	0.130438	0.864247	0.00531557
2016.88	0.194187	0.803428	0.00238465	0.13009	0.864372	0.00553846
2017	0.193988	0.803469	0.00254252	0.129748	0.864491	0.00576114
2017.13	0.193794	0.803503	0.00270338	0.129411	0.864605	0.00598352
2017.25	0.193605	0.803528	0.00286698	0.12908	0.864714	0.00620554
2017.38	0.193421	0.803546	0.00303311	0.128755	0.864818	0.00642714
2017.5	0.193241	0.803558	0.00320154	0.128434	0.864918	0.00664828
2017.63	0.193065	0.803563	0.00337208	0.128118	0.865013	0.00686894
2017.75	0.192893	0.803562	0.00354451	0.127808	0.865103	0.00708908
2017.88	0.192725	0.803556	0.00371866	0.127502	0.865189	0.00730872
2018	0.192561	0.803545	0.00389434	0.127201	0.865271	0.00752783
2018.13	0.1924	0.803529	0.00407139	0.126904	0.865349	0.00774642
2018.25	0.192242	0.803509	0.00424963	0.126612	0.865423	0.00796451
2018.38	0.192087	0.803484	0.00442893	0.126324	0.865494	0.00818209
2018.5	0.191935	0.803456	0.00460914	0.126041	0.86556	0.00839919
2018.63	0.191786	0.803424	0.00479013	0.125761	0.865623	0.00861583
2018.75	0.191639	0.803389	0.00497176	0.125486	0.865682	0.00883201
2018.88	0.191495	0.803351	0.00515394	0.125214	0.865738	0.00904777
2019	0.191353	0.803311	0.00533654	0.124947	0.86579	0.00926312
2019.13	0.191213	0.803267	0.00551947	0.124683	0.865839	0.00947808
2019.25	0.191075	0.803222	0.00570264	0.124422	0.865885	0.00969268
2019.38	0.190939	0.803175	0.00588595	0.124165	0.865928	0.00990693
2019.5	0.190805	0.803125	0.00606933	0.123912	0.865967	0.0101209
2019.63	0.190673	0.803075	0.00625271	0.123662	0.866004	0.0103345
2019.75	0.190542	0.803022	0.00643602	0.123414	0.866038	0.0105478
2019.88	0.190412	0.802968	0.00661919	0.123171	0.866069	0.0107609
2020	0.190284	0.802914	0.00680217	0.12293	0.866097	0.0109737
2020.13	0.190157	0.802858	0.00698491	0.122692	0.866122	0.0111862
2020.25	0.190032	0.802801	0.00716736	0.122457	0.866145	0.0113985
2020.38	0.189907	0.802744	0.00734948	0.122224	0.866165	0.0116106
2020.5	0.189783	0.802685	0.00753123	0.121995	0.866183	0.0118225
2020.63	0.18966	0.802627	0.00771257	0.121767	0.866198	0.0120342
2020.75	0.189538	0.802568	0.00789348	0.121543	0.866211	0.0122457
2020.88	0.189417	0.802509	0.00807392	0.121321	0.866222	0.012457
2021	0.189296	0.80245	0.00825387	0.121101	0.866231	0.0126681
2021.13	0.189176	0.802391	0.0084333	0.120883	0.866238	0.012879
2021.25	0.189056	0.802332	0.00861221	0.120668	0.866242	0.0130897
2021.38	0.188937	0.802273	0.00879057	0.120455	0.866245	0.0133002
2021.5	0.188817	0.802214	0.00896836	0.120244	0.866246	0.0135105
2021.63	0.188698	0.802156	0.00914558	0.120035	0.866244	0.0137206
2021.75	0.18858	0.802098	0.00932222	0.119828	0.866242	0.0139305
2021.88	0.188461	0.802041	0.00949827	0.119623	0.866237	0.0141402
2022	0.188342	0.801984	0.00967372	0.119419	0.866231	0.0143497
2022.13	0.188223	0.801928	0.00984857	0.119218	0.866224	0.0145589
2022.25	0.188104	0.801873	0.0100228	0.119018	0.866214	0.014768
2022.38	0.187985	0.801819	0.0101965	0.118819	0.866204	0.0149767
2022.5	0.187865	0.801765	0.0103695	0.118622	0.866192	0.0151853
2022.63	0.187745	0.801713	0.0105419	0.118427	0.866179	0.0153936
2022.75	0.187625	0.801661	0.0107138	0.118233	0.866165	0.0156016
2022.88	0.187504	0.801611	0.010885	0.118041	0.86615	0.0158093
2023	0.187383	0.801562	0.0110557	0.11785	0.866133	0.0160168
2023.13	0.187261	0.801514	0.0112257	0.11766	0.866116	0.0162239
2023.25	0.187138	0.801467	0.0113952	0.117471	0.866098	0.0164307
2023.38	0.187014	0.801422	0.0115642	0.117284	0.866079	0.0166372
2023.5	0.18689	0.801378	0.0117326	0.117098	0.866059	0.0168434
2023.63	0.186764	0.801335	0.0119004	0.116913	0.866038	0.0170492
2023.75	0.186638	0.801294	0.0120677	0.116729	0.866017	0.0172547
2023.88	0.186511	0.801255	0.0122345	0.116546	0.865995	0.0174598
2024	0.186382	0.801217	0.0124008	0.116363	0.865972	0.0176645
2024.13	0.186252	0.801181	0.0125666	0.116182	0.865949	0.0178688
2024.25	0.186121	0.801147	0.0127319	0.116002	0.865925	0.0180727
2024.38	0.185989	0.801114	0.0128967	0.115822	0.865902	0.0182762
2024.5	0.185856	0.801083	0.0130611	0.115643	0.865877	0.0184793
2024.63	0.185721	0.801054	0.0132251	0.115465	0.865853	0.0186819
2024.75	0.185584	0.801027	0.0133886	0.115288	0.865828	0.0188841
2024.88	0.185446	0.801002	0.0135518	0.115111	0.865803	0.0190858
2025	0.185306	0.800979	0.0137145	0.114935	0.865778	0.0192871
2025.13	0.185165	0.800958	0.0138769	0.11476	0.865752	0.0194878
2025.25	0.185022	0.800939	0.0140389	0.114585	0.865727	0.0196881
2025.38	0.184877	0.800923	0.0142006	0.11441	0.865702	0.0198879
2025.5	0.18473	0.800908	0.0143619	0.114236	0.865677	0.0200872
2025.63	0.184581	0.800896	0.014523	0.114063	0.865651	0.0202859
2025.75	0.18443	0.800886	0.0146837	0.113889	0.865626	0.0204842
2025.88	0.184277	0.800878	0.0148442	0.113717	0.865602	0.0206819
2026	0.184123	0.800873	0.0150044	0.113544	0.865577	0.020879
2026.13	0.183965	0.80087	0.0151643	0.113372	0.865553	0.0210756
2026.25	0.183806	0.80087	0.0153241	0.1132	0.865529	0.0212716
2026.38	0.183644	0.800872	0.0154836	0.113028	0.865505	0.0214671
2026.5	0.18348	0.800877	0.0156429	0.112856	0.865482	0.021662
2026.63	0.183314	0.800884	0.015802	0.112685	0.865459	0.0218563
2026.75	0.183145	0.800894	0.015961	0.112513	0.865436	0.0220501
2026.88	0.182974	0.800906	0.0161198	0.112342	0.865415	0.0222432
2027	0.1828	0.800922	0.0162784	0.112171	0.865393	0.0224358
2027.13	0.182623	0.80094	0.016437	0.112	0.865373	0.0226277
2027.25	0.182444	0.80096	0.0165954	0.111828	0.865353	0.0228191
2027.38	0.182262	0.800984	0.0167537	0.111657	0.865333	0.0230098
2027.5	0.182077	0.801011	0.0169119	0.111486	0.865314	0.0231999
2027.63	0.18189	0.80104	0.01707	0.111314	0.865296	0.0233894
2027.75	0.181699	0.801073	0.017228	0.111143	0.865279	0.0235783
2027.88	0.181506	0.801108	0.017386	0.110971	0.865263	0.0237665
2028	0.181309	0.801147	0.0175439	0.110799	0.865247	0.0239541
2028.13	0.18111	0.801188	0.0177018	0.110627	0.865232	0.0241411
2028.25	0.180907	0.801233	0.0178597	0.110454	0.865218	0.0243274
2028.38	0.180702	0.801281	0.0180175	0.110282	0.865205	0.0245131
2028.5	0.180493	0.801332	0.0181754	0.110109	0.865193	0.0246982
2028.63	0.180281	0.801386	0.0183332	0.109935	0.865182	0.0248826
2028.75	0.180065	0.801444	0.018491	0.109762	0.865172	0.0250664
2028.88	0.179846	0.801505	0.0186488	0.109587	0.865163	0.0252495
2029	0.179624	0.801569	0.0188067	0.109413	0.865155	0.025432
2029.13	0.179398	0.801637	0.0189646	0.109238	0.865148	0.0256138
2029.25	0.179169	0.801708	0.0191225	0.109063	0.865143	0.025795
2029.38	0.178937	0.801783	0.0192804	0.108887	0.865138	0.0259755
2029.5	0.1787	0.801861	0.0194384	0.10871	0.865135	0.0261554
2029.63	0.178461	0.801943	0.0195964	0.108533	0.865132	0.0263346
2029.75	0.178217	0.802028	0.0197545	0.108356	0.865131	0.0265132
2029.88	0.17797	0.802117	0.0199126	0.108177	0.865132	0.0266911
2030	0.177719	0.80221	0.0200708	0.107999	0.865133	0.0268684
2030.13	0.177465	0.802306	0.0202291	0.107819	0.865136	0.027045
2030.25	0.177206	0.802407	0.0203874	0.107639	0.86514	0.027221
2030.38	0.176944	0.80251	0.0205458	0.107458	0.865146	0.0273964
2030.5	0.176677	0.802618	0.0207043	0.107277	0.865152	0.0275711
2030.63	0.176407	0.80273	0.0208629	0.107094	0.865161	0.0277451
2030.75	0.176133	0.802845	0.0210215	0.106911	0.86517	0.0279185
2030.88	0.175855	0.802965	0.0211802	0.106727	0.865181	0.0280913
2031	0.175573	0.803088	0.0213391	0.106543	0.865194	0.0282634
2031.13	0.175287	0.803215	0.021498	0.106357	0.865208	0.0284349
2031.25	0.174996	0.803347	0.0216569	0.106171	0.865223	0.0286058
2031.38	0.174702	0.803482	0.021816	0.105984	0.86524	0.028776
2031.5	0.174403	0.803622	0.0219752	0.105795	0.865259	0.0289456
2031.63	0.1741	0.803765	0.0221345	0.105606	0.865279	0.0291145
2031.75	0.173793	0.803913	0.0222938	0.105416	0.865301	0.0292829
2031.88	0.173482	0.804065	0.0224533	0.105225	0.865324	0.0294506
2032	0.173166	0.804221	0.0226129	0.105033	0.865349	0.0296177
2032.13	0.172846	0.804381	0.0227725	0.10484	0.865376	0.0297842
2032.25	0.172522	0.804546	0.0229323	0.104646	0.865404	0.0299501
2032.38	0.172193	0.804715	0.0230921	0.104451	0.865434	0.0301154
2032.5	0.17186	0.804888	0.0232521	0.104255	0.865465	0.03028
2032.63	0.171523	0.805065	0.0234122	0.104058	0.865498	0.0304441
2032.75	0.171181	0.805247	0.0235723	0.103859	0.865533	0.0306075
2032.88	0.170835	0.805433	0.0237326	0.10366	0.86557	0.0307704
2033	0.170484	0.805623	0.0238929	0.103459	0.865608	0.0309327
2033.13	0.170129	0.805818	0.0240534	0.103257	0.865648	0.0310944
2033.25	0.169769	0.806017	0.024214	0.103054	0.86569	0.0312555
2033.38	0.169405	0.80622	0.0243746	0.10285	0.865734	0.031416
2033.5	0.169037	0.806428	0.0245354	0.102645	0.865779	0.031576
2033.63	0.168663	0.80664	0.0246962	0.102438	0.865827	0.0317354
2033.75	0.168286	0.806857	0.0248572	0.10223	0.865876	0.0318942
2033.88	0.167903	0.807078	0.0250183	0.102021	0.865926	0.0320524
2034	0.167517	0.807304	0.0251794	0.101811	0.865979	0.0322101
2034.13	0.167126	0.807534	0.0253406	0.101599	0.866034	0.0323673
2034.25	0.16673	0.807768	0.025502	0.101386	0.86609	0.0325239
2034.38	0.16633	0.808007	0.0256634	0.101172	0.866148	0.0326799
2034.5	0.165925	0.80825	0.0258249	0.100956	0.866208	0.0328354
2034.63	0.165515	0.808498	0.0259865	0.100739	0.86627	0.0329904
2034.75	0.165102	0.80875	0.0261482	0.100521	0.866334	0.0331449
2034.88	0.164683	0.809007	0.02631	0.100301	0.8664	0.0332988
2035	0.164261	0.809268	0.0264719	0.10008	0.866468	0.0334522
2035.13	0.163833	0.809533	0.0266338	0.0998579	0.866537	0.0336051
2035.25	0.163402	0.809802	0.0267958	0.0996342	0.866608	0.0337574
2035.38	0.162966	0.810076	0.0269579	0.0994091	0.866682	0.0339093
2035.5	0.162525	0.810355	0.0271201	0.0991825	0.866757	0.0340606
2035.63	0.16208	0.810637	0.0272824	0.0989546	0.866834	0.0342115
2035.75	0.161631	0.810924	0.0274447	0.0987253	0.866913	0.0343619
2035.88	0.161178	0.811215	0.0276071	0.0984945	0.866994	0.0345118
2036	0.16072	0.81151	0.0277695	0.0982624	0.867077	0.0346612
2036.13	0.160258	0.81181	0.027932	0.0980288	0.867161	0.0348101
2036.25	0.159792	0.812113	0.0280946	0.0977938	0.867248	0.0349585
2036.38	0.159322	0.812421	0.0282572	0.0975574	0.867336	0.0351065
2036.5	0.158847	0.812733	0.0284199	0.0973195	0.867426	0.035254
2036.63	0.158369	0.813049	0.0285826	0.0970802	0.867519	0.0354011
2036.75	0.157886	0.813368	0.0287453	0.0968395	0.867613	0.0355477
2036.88	0.1574	0.813692	0.0289081	0.0965974	0.867709	0.0356938
2037	0.156909	0.81402	0.029071	0.0963539	0.867807	0.0358395
2037.13	0.156415	0.814351	0.0292338	0.096109	0.867906	0.0359848
2037.25	0.155917	0.814687	0.0293967	0.0958626	0.868008	0.0361296
2037.38	0.155415	0.815026	0.0295596	0.0956148	0.868111	0.0362741
2037.5	0.154909	0.815368	0.0297226	0.0953656	0.868216	0.036418
2037.63	0.1544	0.815714	0.0298855	0.0951151	0.868323	0.0365616
2037.75	0.153887	0.816064	0.0300485	0.0948631	0.868432	0.0367048
2037.88	0.153371	0.816418	0.0302114	0.0946097	0.868543	0.0368475
2038	0.152851	0.816774	0.0303744	0.094355	0.868655	0.0369898
2038.13	0.152328	0.817134	0.0305373	0.0940989	0.868769	0.0371318
2038.25	0.151802	0.817498	0.0307003	0.0938415	0.868885	0.0372733
2038.38	0.151272	0.817865	0.0308632	0.0935827	0.869003	0.0374145
2038.5	0.15074	0.818234	0.0310261	0.0933225	0.869122	0.0375552
2038.63	0.150204	0.818607	0.0311889	0.093061	0.869243	0.0376956
2038.75	0.149665	0.818983	0.0313518	0.0927983	0.869366	0.0378356
2038.88	0.149124	0.819362	0.0315146	0.0925342	0.869491	0.0379753
2039	0.148579	0.819744	0.0316773	0.0922688	0.869617	0.0381145
2039.13	0.148032	0.820128	0.03184	0.0920022	0.869744	0.0382534
2039.25	0.147482	0.820515	0.0320026	0.0917343	0.869874	0.038392
2039.38	0.14693	0.820905	0.0321652	0.0914652	0.870005	0.0385302
2039.5	0.146375	0.821297	0.0323277	0.0911948	0.870137	0.038668
2039.63	0.145818	0.821692	0.0324901	0.0909232	0.870271	0.0388055
2039.75	0.145259	0.822089	0.0326524	0.0906505	0.870407	0.0389427
2039.88	0.144697	0.822488	0.0328147	0.0903766	0.870544	0.0390795
2040	0.144134	0.822889	0.0329768	0.0901015	0.870683	0.039216
2040.13	0.143568	0.823293	0.0331389	0.0898253	0.870823	0.0393521
2040.25	0.143009	0.823698	0.033293	0.0895509	0.870994	0.0394548
2040.38	0.142456	0.824108	0.0334363	0.0892781	0.871196	0.0395261
2040.5	0.141912	0.824522	0.0335662	0.0890067	0.871425	0.0395681
2040.63	0.141376	0.824943	0.0336803	0.0887365	0.87168	0.039583
2040.75	0.140851	0.825372	0.0337767	0.0884673	0.87196	0.0395726
2040.88	0.140337	0.825809	0.0338536	0.088199	0.872262	0.0395386
2041	0.139834	0.826256	0.0339093	0.0879313	0.872586	0.0394829
2041.13	0.139344	0.826713	0.0339426	0.0876641	0.872929	0.0394069
2041.25	0.138868	0.82718	0.0339521	0.0873973	0.87329	0.0393123
2041.38	0.138405	0.827658	0.0339368	0.0871308	0.873669	0.0392006
2041.5	0.137958	0.828147	0.0338959	0.0868645	0.874063	0.039073
2041.63	0.137525	0.828646	0.0338286	0.0865983	0.874471	0.0389309
2041.75	0.137109	0.829157	0.0337342	0.086332	0.874892	0.0387755
2041.88	0.136709	0.829679	0.0336123	0.0860657	0.875326	0.038608
2042	0.136326	0.830211	0.0334624	0.0857993	0.875771	0.0384295
2042.13	0.135962	0.830754	0.0332842	0.0855327	0.876226	0.0382409
2042.25	0.135615	0.831308	0.0330776	0.0852659	0.876691	0.0380432
2042.38	0.135287	0.831871	0.0328423	0.0849987	0.877164	0.0378374
2042.5	0.134978	0.832444	0.0325785	0.0847314	0.877645	0.0376241
2042.63	0.134688	0.833026	0.0322861	0.0844637	0.878132	0.0374042
2042.75	0.134418	0.833616	0.0319655	0.0841957	0.878626	0.0371784
2042.88	0.134168	0.834215	0.0316167	0.0839274	0.879125	0.0369474
2043	0.133938	0.834822	0.0312404	0.0836588	0.87963	0.0367117
2043.13	0.133728	0.835436	0.0308368	0.0833898	0.880138	0.0364719
2043.25	0.133537	0.836056	0.0304068	0.0831206	0.880651	0.0362286
2043.38	0.133367	0.836682	0.0299509	0.0828511	0.881167	0.0359822
2043.5	0.133216	0.837314	0.02947	0.0825814	0.881685	0.0357332
2043.63	0.133084	0.837951	0.028965	0.0823115	0.882207	0.0354819
2043.75	0.13297	0.838593	0.0284371	0.0820413	0.88273	0.0352288
2043.88	0.132874	0.839238	0.0278874	0.081771	0.883255	0.0349742
2044	0.132796	0.839887	0.0273172	0.0815006	0.883781	0.0347183
2044.13	0.132734	0.840538	0.0267279	0.0812302	0.884308	0.0344616
2044.25	0.132687	0.841192	0.0261211	0.0809597	0.884836	0.0342041
2044.38	0.132654	0.841847	0.0254983	0.0806893	0.885364	0.0339463
2044.5	0.132635	0.842504	0.0248612	0.0804189	0.885893	0.0336883
2044.63	0.132627	0.843161	0.0242116	0.0801486	0.886421	0.0334303
2044.75	0.13263	0.843818	0.0235514	0.0798786	0.886949	0.0331725
2044.88	0.132642	0.844476	0.0228823	0.0796088	0.887476	0.032915
2045	0.132661	0.845132	0.0222063	0.0793392	0.888003	0.032658
2045.13	0.132687	0.845788	0.0215254	0.0790701	0.888528	0.0324017
2045.25	0.132717	0.846442	0.0208414	0.0788013	0.889053	0.0321461
2045.38	0.13275	0.847094	0.0201562	0.078533	0.889576	0.0318915
2045.5	0.132785	0.847743	0.0194717	0.0782652	0.890097	0.0316378
2045.63	0.13282	0.84839	0.0187897	0.0779979	0.890617	0.0313851
2045.75	0.132854	0.849034	0.0181119	0.0777313	0.891135	0.0311336
2045.88	0.132884	0.849675	0.01744	0.0774653	0.891651	0.0308833
2046	0.132911	0.850313	0.0167756	0.0772001	0.892166	0.0306344
2046.13	0.132933	0.850947	0.0161201	0.0769356	0.892678	0.0303867
2046.25	0.132949	0.851577	0.0154748	0.076672	0.893188	0.0301405
2046.38	0.132957	0.852202	0.014841	0.0764092	0.893695	0.0298957
2046.5	0.132956	0.852824	0.0142199	0.0761472	0.8942	0.0296524
2046.63	0.132947	0.853441	0.0136124	0.0758863	0.894703	0.0294106
2046.75	0.132927	0.854053	0.0130194	0.0756262	0.895203	0.0291704
2046.88	0.132897	0.854661	0.0124416	0.0753672	0.895701	0.0289317
2047	0.132856	0.855264	0.0118797	0.0751092	0.896196	0.0286947
2047.13	0.132803	0.855862	0.0113342	0.0748523	0.896688	0.0284593
2047.25	0.132739	0.856456	0.0108055	0.0745965	0.897178	0.0282255
2047.38	0.132661	0.857045	0.0102939	0.0743417	0.897665	0.0279934
2047.5	0.132572	0.857629	0.00979956	0.0740881	0.898149	0.0277629
2047.63	0.13247	0.858208	0.00932268	0.0738356	0.89863	0.0275342
2047.75	0.132355	0.858782	0.00886324	0.0735842	0.899109	0.0273071
2047.88	0.132227	0.859352	0.00842119	0.073334	0.899584	0.0270817
2048	0.132087	0.859917	0.0079964	0.0730849	0.900057	0.026858
2048.13	0.131934	0.860477	0.00758871	0.072837	0.900527	0.026636
2048.25	0.131769	0.861033	0.00719785	0.0725903	0.900994	0.0264157
2048.38	0.131592	0.861585	0.00682356	0.0723447	0.901458	0.0261971
2048.5	0.131403	0.862132	0.00646548	0.0721002	0.901919	0.0259803
2048.63	0.131202	0.862675	0.00612327	0.071857	0.902378	0.025765
2048.75	0.13099	0.863214	0.00579652	0.0716148	0.902834	0.0255515
2048.88	0.130766	0.863749	0.0054848	0.0713738	0.903287	0.0253397
2049	0.130532	0.86428	0.00518768	0.0711339	0.903737	0.0251296
2049.13	0.130287	0.864808	0.0049047	0.0708951	0.904184	0.0249211
2049.25	0.130032	0.865332	0.00463539	0.0706574	0.904628	0.0247143
2049.38	0.129768	0.865853	0.00437927	0.0704207	0.90507	0.0245091
2049.5	0.129493	0.866371	0.00413587	0.0701852	0.905509	0.0243056
2049.63	0.12921	0.866885	0.0039047	0.0699506	0.905946	0.0241038
2049.75	0.128918	0.867397	0.00368528	0.0697171	0.906379	0.0239035
2049.88	0.128618	0.867905	0.00347714	0.0694845	0.906811	0.0237049
2050	0.128309	0.868411	0.00327981	0.0692529	0.907239	0.0235079
