Time	Trip Fraction[public transport]	Trip Fraction[regular car]	Trip Fraction[electric car]	Owner Fraction[public transport]	Owner Fraction[regular car]	Owner Fraction[electric car]
2010	0.239378	0.760622	0	0.160822	0.839178	0
2010.13	0.239378	0.760622	0	0.160822	0.839178	0
2010.25	0.236817	0.763183	0	0.159912	0.840088	0
2010.38	0.234394	0.765606	0	0.159018	0.840982	0
2010.5	0.232113	0.767887	0	0.158143	0.841857	0
2010.63	0.229965	0.770036	0	0.157288	0.842712	0
2010.75	0.227941	0.772059	0	0.156452	0.843548	0
2010.88	0.226034	0.773966	0	0.155634	0.844366	0
2011	0.224236	0.775764	0	0.154833	0.845167	0
2011.13	0.222542	0.777458	0	0.154049	0.845951	0
2011.25	0.220943	0.779057	0	0.153282	0.846718	0
2011.38	0.219435	0.780565	0	0.152531	0.847469	0
2011.5	0.218011	0.781989	0	0.151796	0.848204	0
2011.63	0.216667	0.783333	0	0.151076	0.848924	0
2011.75	0.215398	0.784602	0	0.150372	0.849628	0
2011.88	0.214198	0.785802	0	0.149681	0.850319	0
2012	0.213064	0.786936	0	0.149005	0.850995	0
2012.13	0.211991	0.788009	0	0.148343	0.851657	0
2012.25	0.212004	0.787996	0	0.147694	0.852306	0
2012.38	0.212115	0.787885	0	0.147074	0.852926	0
2012.5	0.212312	0.787688	0	0.14648	0.85352	0
2012.63	0.212593	0.787407	0	0.145913	0.854087	0
2012.75	0.212952	0.787048	0	0.145369	0.854618	1.3536e-005
2012.88	0.213387	0.786613	1.53304e-007	0.144849	0.855112	3.92843e-005
2013	0.213896	0.786103	7.60821e-007	0.144352	0.85557	7.79936e-005
2013.13	0.214476	0.785521	2.2394e-006	0.143878	0.855992	0.000130018
2013.25	0.215126	0.784869	5.07949e-006	0.143427	0.856378	0.000195389
2013.38	0.215844	0.784147	9.80655e-006	0.142998	0.856728	0.00027389
2013.5	0.216627	0.783356	1.69501e-005	0.142593	0.857042	0.000365121
2013.63	0.217476	0.782497	2.70205e-005	0.14221	0.857322	0.000468546
2013.75	0.218389	0.781571	4.04927e-005	0.14185	0.857567	0.00058353
2013.88	0.219364	0.780578	5.7795e-005	0.141512	0.857778	0.000709366
2014	0.220402	0.779518	7.9302e-005	0.141198	0.857956	0.000845302
2014.13	0.221502	0.778393	0.000105331	0.140907	0.858102	0.000990563
2014.25	0.222663	0.777201	0.000136142	0.14064	0.858216	0.00114436
2014.38	0.223884	0.775944	0.000171933	0.140396	0.858298	0.00130591
2014.5	0.225166	0.774622	0.000212851	0.140176	0.85835	0.00147443
2014.63	0.226507	0.773234	0.000258985	0.139979	0.858372	0.00164919
2014.75	0.227907	0.771783	0.000310374	0.139807	0.858364	0.00182946
2014.88	0.229366	0.770267	0.000367013	0.139659	0.858327	0.00201455
2015	0.230883	0.768688	0.000428853	0.139535	0.858261	0.00220381
2015.13	0.232458	0.767046	0.000495805	0.139435	0.858168	0.00239663
2015.25	0.23409	0.765343	0.000567747	0.13936	0.858048	0.00259245
2015.38	0.235777	0.763578	0.000644529	0.139309	0.8579	0.00279073
2015.5	0.23752	0.761754	0.000725971	0.139283	0.857726	0.002991
2015.63	0.239316	0.759872	0.000811873	0.139281	0.857526	0.00319282
2015.75	0.241166	0.757932	0.000902016	0.139303	0.857301	0.00339577
2015.88	0.243067	0.755937	0.000996166	0.139349	0.857051	0.00359952
2016	0.245018	0.753888	0.00109407	0.139419	0.856777	0.00380372
2016.13	0.247018	0.751787	0.00119549	0.139513	0.856479	0.0040081
2016.25	0.248998	0.749702	0.00130061	0.139621	0.856166	0.00421273
2016.38	0.250961	0.74763	0.00140919	0.139743	0.85584	0.00441738
2016.5	0.252912	0.745567	0.00152094	0.139879	0.8555	0.00462185
2016.63	0.254854	0.743511	0.0016356	0.140029	0.855145	0.00482596
2016.75	0.256789	0.741458	0.00175289	0.140193	0.854777	0.00502957
2016.88	0.258722	0.739406	0.00187253	0.140372	0.854395	0.00523255
2017	0.260653	0.737352	0.00199426	0.140566	0.853999	0.00543479
2017.13	0.262586	0.735296	0.0021178	0.140774	0.85359	0.0056362
2017.25	0.264521	0.733236	0.00224291	0.140996	0.853167	0.0058367
2017.38	0.266461	0.73117	0.00236931	0.141233	0.852731	0.00603625
2017.5	0.268411	0.729093	0.00249673	0.141485	0.852281	0.00623476
2017.63	0.270391	0.726984	0.00262473	0.141755	0.851813	0.00643207
2017.75	0.272403	0.724844	0.00275306	0.142045	0.851327	0.00662814
2017.88	0.274447	0.722671	0.00288149	0.142353	0.850824	0.00682296
2018	0.276523	0.720467	0.00300979	0.14268	0.850304	0.00701652
2018.13	0.278631	0.718231	0.00313775	0.143025	0.849766	0.0072088
2018.25	0.280772	0.715963	0.00326515	0.143389	0.849211	0.0073998
2018.38	0.282944	0.713664	0.00339179	0.143772	0.848639	0.00758953
2018.5	0.285149	0.711334	0.00351749	0.144172	0.84805	0.007778
2018.63	0.287385	0.708973	0.00364207	0.144591	0.847444	0.00796521
2018.75	0.289653	0.706582	0.00376536	0.145028	0.846821	0.00815117
2018.88	0.291951	0.704162	0.0038872	0.145482	0.846182	0.00833589
2019	0.294279	0.701713	0.00400743	0.145954	0.845526	0.0085194
2019.13	0.296637	0.699237	0.00412592	0.146444	0.844854	0.0087017
2019.25	0.299024	0.696733	0.00424254	0.146951	0.844167	0.0088828
2019.38	0.301439	0.694204	0.00435716	0.147474	0.843463	0.00906274
2019.5	0.303882	0.691649	0.00446968	0.148015	0.842744	0.00924151
2019.63	0.30635	0.68907	0.00457998	0.148572	0.842009	0.00941914
2019.75	0.308844	0.686468	0.00468798	0.149145	0.84126	0.00959564
2019.88	0.311363	0.683843	0.00479359	0.149734	0.840495	0.00977102
2020	0.313905	0.681198	0.00489673	0.150339	0.839716	0.0099453
2020.13	0.316469	0.678533	0.00499734	0.150959	0.838922	0.0101185
2020.25	0.31906	0.675849	0.00509089	0.1516	0.838128	0.010272
2020.38	0.321675	0.673149	0.00517574	0.152261	0.837332	0.0104071
2020.5	0.324317	0.670433	0.00525042	0.152941	0.836535	0.0105249
2020.63	0.326983	0.667704	0.00531369	0.153639	0.835734	0.0106266
2020.75	0.329673	0.664962	0.00536451	0.154356	0.83493	0.0107132
2020.88	0.332387	0.662211	0.00540208	0.155091	0.834123	0.0107859
2021	0.335124	0.65945	0.00542579	0.155843	0.833312	0.0108455
2021.13	0.337882	0.656682	0.00543528	0.156611	0.832496	0.010893
2021.25	0.340661	0.653908	0.00543039	0.157395	0.831675	0.0109293
2021.38	0.34346	0.651129	0.00541116	0.158195	0.83085	0.0109553
2021.5	0.346275	0.648347	0.00537782	0.15901	0.830019	0.0109717
2021.63	0.349107	0.645562	0.00533077	0.159838	0.829182	0.0109793
2021.75	0.351953	0.642776	0.00527059	0.160681	0.82834	0.0109787
2021.88	0.354812	0.63999	0.00519797	0.161537	0.827492	0.0109708
2022	0.357681	0.637205	0.00511373	0.162406	0.826638	0.010956
2022.13	0.360558	0.634423	0.0050188	0.163287	0.825778	0.010935
2022.25	0.363442	0.631643	0.00491415	0.16418	0.824912	0.0109082
2022.38	0.366331	0.628868	0.00480084	0.165084	0.82404	0.0108763
2022.5	0.369221	0.626099	0.00467993	0.165999	0.823161	0.0108397
2022.63	0.372113	0.623335	0.0045525	0.166924	0.822277	0.0107988
2022.75	0.375002	0.620578	0.00441962	0.167859	0.821387	0.010754
2022.88	0.377888	0.61783	0.00428236	0.168803	0.820491	0.0107058
2023	0.380768	0.61509	0.00414171	0.169757	0.819589	0.0106543
2023.13	0.383641	0.61236	0.00399864	0.170718	0.818681	0.0106001
2023.25	0.386506	0.60964	0.00385405	0.171688	0.817768	0.0105433
2023.38	0.389359	0.606932	0.00370878	0.172666	0.81685	0.0104842
2023.5	0.392201	0.604235	0.0035636	0.17365	0.815926	0.0104231
2023.63	0.395029	0.601552	0.00341921	0.174642	0.814998	0.0103603
2023.75	0.397842	0.598881	0.00327623	0.17564	0.814064	0.0102958
2023.88	0.40064	0.596225	0.00313521	0.176644	0.813126	0.01023
2024	0.40342	0.593583	0.00299664	0.177653	0.812184	0.0101629
2024.13	0.406182	0.590957	0.00286093	0.178668	0.811237	0.0100948
2024.25	0.408925	0.588346	0.00272843	0.179688	0.810287	0.0100259
2024.38	0.411649	0.585752	0.00259943	0.180712	0.809332	0.00995611
2024.5	0.414351	0.583175	0.00247416	0.18174	0.808374	0.00988572
2024.63	0.417032	0.580615	0.00235282	0.182772	0.807413	0.0098148
2024.75	0.419691	0.578073	0.00223554	0.183808	0.806449	0.00974345
2024.88	0.422328	0.575549	0.00212242	0.184847	0.805482	0.00967177
2025	0.424942	0.573045	0.00201351	0.185888	0.804512	0.00959985
2025.13	0.427532	0.570559	0.00190885	0.186932	0.80354	0.00952775
2025.25	0.430099	0.568093	0.00180842	0.187979	0.802566	0.00945554
2025.38	0.432641	0.565647	0.00171222	0.189027	0.80159	0.00938331
2025.5	0.435159	0.563221	0.00162018	0.190077	0.800612	0.00931108
2025.63	0.437652	0.560815	0.00153224	0.191128	0.799633	0.00923893
2025.75	0.440121	0.558431	0.00144833	0.19218	0.798653	0.0091669
2025.88	0.442565	0.556067	0.00136834	0.193233	0.797672	0.00909502
2026	0.444983	0.553724	0.00129217	0.194287	0.79669	0.00902335
2026.13	0.447377	0.551404	0.00121972	0.19534	0.795708	0.0089519
2026.25	0.449745	0.549104	0.00115086	0.196394	0.794725	0.00888072
2026.38	0.452088	0.546827	0.00108546	0.197448	0.793742	0.00880982
2026.5	0.454405	0.544571	0.00102342	0.198501	0.79276	0.00873925
2026.63	0.456697	0.542338	0.000964588	0.199554	0.791777	0.008669
2026.75	0.458964	0.540127	0.000908847	0.200605	0.790796	0.00859912
2026.88	0.461206	0.537938	0.000856067	0.201656	0.789815	0.00852961
2027	0.463422	0.535771	0.000806121	0.202705	0.788835	0.00846049
2027.13	0.465614	0.533627	0.000758884	0.203752	0.787856	0.00839177
2027.25	0.46778	0.531506	0.000714232	0.204798	0.786879	0.00832347
2027.38	0.469921	0.529407	0.000672044	0.205842	0.785903	0.0082556
2027.5	0.472038	0.52733	0.000632205	0.206883	0.784928	0.00818816
2027.63	0.47413	0.525276	0.000594599	0.207923	0.783956	0.00812117
2027.75	0.476197	0.523244	0.000559116	0.20896	0.782986	0.00805463
2027.88	0.47824	0.521235	0.000525648	0.209994	0.782018	0.00798854
2028	0.480258	0.519248	0.000494094	0.211025	0.781052	0.00792291
2028.13	0.482252	0.517283	0.000464354	0.212054	0.780089	0.00785776
2028.25	0.484223	0.515341	0.000436333	0.213079	0.779128	0.00779307
2028.38	0.486169	0.513421	0.000409939	0.214101	0.77817	0.00772885
2028.5	0.488092	0.511522	0.000385085	0.215119	0.777215	0.00766511
2028.63	0.489992	0.509646	0.000361688	0.216134	0.776264	0.00760184
2028.75	0.491868	0.507792	0.000339667	0.217146	0.775315	0.00753905
2028.88	0.493722	0.505959	0.000318947	0.218153	0.77437	0.00747674
2029	0.495552	0.504148	0.000299456	0.219157	0.773428	0.0074149
2029.13	0.49736	0.502358	0.000281124	0.220156	0.77249	0.00735354
2029.25	0.499146	0.50059	0.000263887	0.221151	0.771556	0.00729266
2029.38	0.50091	0.498843	0.000247681	0.222142	0.770625	0.00723226
2029.5	0.502651	0.497117	0.000232448	0.223129	0.769699	0.00717232
2029.63	0.504371	0.495411	0.000218132	0.224111	0.768776	0.00711287
2029.75	0.506069	0.493726	0.000204679	0.225088	0.767858	0.00705388
2029.88	0.507746	0.492062	0.000192041	0.226061	0.766944	0.00699536
2030	0.509402	0.490418	0.000180169	0.227029	0.766034	0.00693732
2030.13	0.511037	0.488794	0.000169018	0.227992	0.765128	0.00687973
2030.25	0.512652	0.48719	0.000158546	0.22895	0.764228	0.00682261
2030.38	0.514246	0.485605	0.000148713	0.229903	0.763331	0.00676596
2030.5	0.51582	0.48404	0.000139481	0.230851	0.762439	0.00670976
2030.63	0.517375	0.482495	0.000130814	0.231794	0.761552	0.00665401
2030.75	0.518909	0.480968	0.000122678	0.232731	0.76067	0.00659872
2030.88	0.520425	0.47946	0.000115042	0.233663	0.759793	0.00654388
2031	0.521921	0.477971	0.000107876	0.23459	0.75892	0.00648949
2031.13	0.523398	0.476501	0.000101151	0.235511	0.758053	0.00643554
2031.25	0.524857	0.475048	9.48407e-005	0.236427	0.757191	0.00638204
2031.38	0.526297	0.473614	8.892e-005	0.237338	0.756333	0.00632897
2031.5	0.527719	0.472198	8.33653e-005	0.238243	0.755481	0.00627634
2031.63	0.529123	0.470799	7.81544e-005	0.239142	0.754634	0.00622414
2031.75	0.53051	0.469417	7.32664e-005	0.240035	0.753792	0.00617237
2031.88	0.531879	0.468053	6.86815e-005	0.240923	0.752956	0.00612102
2032	0.53323	0.466705	6.43812e-005	0.241805	0.752125	0.0060701
2032.13	0.534565	0.465375	6.03481e-005	0.242681	0.751299	0.0060196
2032.25	0.535883	0.46406	5.65658e-005	0.243552	0.750479	0.00596952
2032.38	0.537184	0.462763	5.30189e-005	0.244416	0.749664	0.00591985
2032.5	0.538469	0.461481	4.9693e-005	0.245275	0.748854	0.00587059
2032.63	0.539739	0.460215	4.65744e-005	0.246128	0.74805	0.00582174
2032.75	0.540992	0.458965	4.36503e-005	0.246975	0.747252	0.0057733
2032.88	0.542229	0.45773	4.09088e-005	0.247816	0.746459	0.00572525
2033	0.543452	0.45651	3.83385e-005	0.248651	0.745671	0.0056776
2033.13	0.544659	0.455305	3.59289e-005	0.24948	0.74489	0.00563035
2033.25	0.545851	0.454116	3.36699e-005	0.250303	0.744113	0.00558349
2033.38	0.547028	0.45294	3.15524e-005	0.25112	0.743343	0.00553702
2033.5	0.548191	0.451779	2.95674e-005	0.251932	0.742578	0.00549093
2033.63	0.54934	0.450633	2.77067e-005	0.252737	0.741818	0.00544523
2033.75	0.550474	0.4495	2.59627e-005	0.253536	0.741064	0.0053999
2033.88	0.551595	0.448381	2.4328e-005	0.254329	0.740316	0.00535495
2034	0.552702	0.447275	2.27958e-005	0.255116	0.739574	0.00531038
2034.13	0.553795	0.446183	2.13598e-005	0.255897	0.738837	0.00526617
2034.25	0.554876	0.445104	2.0014e-005	0.256672	0.738105	0.00522233
2034.38	0.555943	0.444038	1.87527e-005	0.257441	0.73738	0.00517886
2034.5	0.556997	0.442985	1.75706e-005	0.258204	0.73666	0.00513575
2034.63	0.558039	0.441945	1.64628e-005	0.258961	0.735946	0.00509299
2034.75	0.559068	0.440916	1.54247e-005	0.259712	0.735237	0.0050506
2034.88	0.560085	0.4399	1.44518e-005	0.260457	0.734534	0.00500855
2035	0.56109	0.438896	1.35402e-005	0.261197	0.733837	0.00496685
2035.13	0.562083	0.437904	1.26859e-005	0.26193	0.733145	0.0049255
2035.25	0.563064	0.436924	1.18854e-005	0.262657	0.732459	0.0048845
2035.38	0.564034	0.435955	1.11353e-005	0.263378	0.731778	0.00484383
2035.5	0.564993	0.434997	1.04325e-005	0.264093	0.731103	0.00480351
2035.63	0.56594	0.43405	9.77386e-006	0.264803	0.730434	0.00476352
2035.75	0.566876	0.433115	9.15677e-006	0.265506	0.72977	0.00472386
2035.88	0.567802	0.43219	8.57857e-006	0.266204	0.729112	0.00468453
2036	0.568716	0.431276	8.03681e-006	0.266895	0.728459	0.00464553
2036.13	0.569621	0.430372	7.52921e-006	0.267581	0.727812	0.00460685
2036.25	0.570515	0.429478	7.05362e-006	0.268261	0.72717	0.0045685
2036.38	0.571399	0.428595	6.60802e-006	0.268936	0.726534	0.00453046
2036.5	0.572272	0.427721	6.19053e-006	0.269604	0.725903	0.00449274
2036.63	0.573136	0.426858	5.79939e-006	0.270267	0.725278	0.00445534
2036.75	0.573991	0.426004	5.43292e-006	0.270924	0.724658	0.00441825
2036.88	0.574836	0.425159	5.08958e-006	0.271575	0.724043	0.00438146
2037	0.575671	0.424324	4.76792e-006	0.272221	0.723434	0.00434498
2037.13	0.576497	0.423498	4.46655e-006	0.272861	0.722831	0.00430881
2037.25	0.577314	0.422681	4.18422e-006	0.273495	0.722232	0.00427293
2037.38	0.578123	0.421873	3.91972e-006	0.274124	0.721639	0.00423736
2037.5	0.578922	0.421074	3.67192e-006	0.274747	0.721051	0.00420208
2037.63	0.579713	0.420284	3.43977e-006	0.275364	0.720469	0.00416709
2037.75	0.580495	0.419502	3.22228e-006	0.275976	0.719891	0.0041324
2037.88	0.581269	0.418728	3.01853e-006	0.276583	0.719319	0.00409799
2038	0.582035	0.417963	2.82766e-006	0.277184	0.718752	0.00406387
2038.13	0.582792	0.417205	2.64885e-006	0.277779	0.718191	0.00403003
2038.25	0.583542	0.416456	2.48133e-006	0.27837	0.717634	0.00399648
2038.38	0.584283	0.415714	2.3244e-006	0.278955	0.717082	0.00396321
2038.5	0.585017	0.414981	2.17739e-006	0.279534	0.716536	0.00393021
2038.63	0.585744	0.414254	2.03968e-006	0.280108	0.715994	0.00389749
2038.75	0.586462	0.413536	1.91066e-006	0.280677	0.715458	0.00386504
2038.88	0.587174	0.412824	1.78981e-006	0.281241	0.714926	0.00383286
2039	0.587878	0.41212	1.67659e-006	0.281799	0.7144	0.00380094
2039.13	0.588575	0.411423	1.57053e-006	0.282352	0.713878	0.0037693
2039.25	0.589265	0.410733	1.47118e-006	0.282901	0.713362	0.00373791
2039.38	0.589948	0.41005	1.37811e-006	0.283444	0.71285	0.00370679
2039.5	0.590625	0.409374	1.29093e-006	0.283981	0.712343	0.00367593
2039.63	0.591294	0.408704	1.20925e-006	0.284514	0.71184	0.00364532
2039.75	0.591957	0.408042	1.13275e-006	0.285042	0.711343	0.00361497
2039.88	0.592614	0.407385	1.06108e-006	0.285565	0.71085	0.00358487
2040	0.593264	0.406735	9.93945e-007	0.286083	0.710362	0.00355502
2040.13	0.593908	0.406091	9.31057e-007	0.286596	0.709879	0.00352542
2040.25	0.594546	0.405454	8.72146e-007	0.287104	0.7094	0.00349607
2040.38	0.595177	0.404822	8.16961e-007	0.287607	0.708926	0.00346696
2040.5	0.595803	0.404196	7.65268e-007	0.288106	0.708456	0.0034381
2040.63	0.596422	0.403577	7.16844e-007	0.288599	0.707991	0.00340947
2040.75	0.597036	0.402963	6.71484e-007	0.289088	0.707531	0.00338108
2040.88	0.597645	0.402355	6.28994e-007	0.289572	0.707075	0.00335293
2041	0.598247	0.401752	5.89192e-007	0.290052	0.706623	0.00332501
2041.13	0.598844	0.401155	5.51908e-007	0.290527	0.706176	0.00329733
2041.25	0.599436	0.400564	5.16983e-007	0.290997	0.705733	0.00326988
2041.38	0.600022	0.399978	4.84267e-007	0.291463	0.705295	0.00324265
2041.5	0.600603	0.399397	4.53622e-007	0.291924	0.70486	0.00321565
2041.63	0.601178	0.398821	4.24915e-007	0.292381	0.70443	0.00318888
2041.75	0.601749	0.398251	3.98025e-007	0.292833	0.704005	0.00316233
2041.88	0.602314	0.397685	3.72837e-007	0.293281	0.703583	0.003136
2042	0.602875	0.397125	3.49242e-007	0.293724	0.703166	0.00310988
2042.13	0.603431	0.396569	3.27141e-007	0.294163	0.702753	0.00308399
2042.25	0.603981	0.396018	3.06438e-007	0.294598	0.702344	0.00305831
2042.38	0.604527	0.395472	2.87045e-007	0.295028	0.701939	0.00303285
2042.5	0.605069	0.394931	2.68879e-007	0.295454	0.701538	0.0030076
2042.63	0.605606	0.394394	2.51863e-007	0.295876	0.701141	0.00298255
2042.75	0.606138	0.393862	2.35923e-007	0.296294	0.700748	0.00295772
2042.88	0.606666	0.393334	2.20993e-007	0.296708	0.700359	0.00293309
2043	0.607189	0.392811	2.07007e-007	0.297117	0.699974	0.00290867
2043.13	0.607708	0.392292	1.93906e-007	0.297523	0.699593	0.00288445
2043.25	0.608223	0.391777	1.81635e-007	0.297924	0.699216	0.00286044
2043.38	0.608734	0.391266	1.7014e-007	0.298321	0.698842	0.00283662
2043.5	0.60924	0.39076	1.59372e-007	0.298715	0.698472	0.002813
2043.63	0.609743	0.390257	1.49286e-007	0.299104	0.698106	0.00278958
2043.75	0.610241	0.389759	1.39838e-007	0.299489	0.697744	0.00276635
2043.88	0.610736	0.389264	1.30989e-007	0.299871	0.697386	0.00274332
2044	0.611226	0.388774	1.22699e-007	0.300249	0.697031	0.00272048
2044.13	0.611713	0.388287	1.14934e-007	0.300623	0.696679	0.00269783
2044.25	0.612196	0.387804	1.0766e-007	0.300993	0.696332	0.00267536
2044.38	0.612675	0.387325	1.00847e-007	0.301359	0.695988	0.00265309
2044.5	0.613151	0.386849	9.44645e-008	0.301722	0.695647	0.002631
2044.63	0.613623	0.386377	8.84863e-008	0.302081	0.69531	0.00260909
2044.75	0.614091	0.385909	8.28864e-008	0.302437	0.694976	0.00258737
2044.88	0.614556	0.385444	7.76409e-008	0.302788	0.694646	0.00256582
2045	0.615018	0.384982	7.27275e-008	0.303136	0.694319	0.00254446
2045.13	0.615476	0.384524	6.81249e-008	0.303481	0.693996	0.00252327
2045.25	0.61593	0.38407	6.38137e-008	0.303822	0.693676	0.00250226
2045.38	0.616382	0.383618	5.97753e-008	0.30416	0.693359	0.00248143
2045.5	0.61683	0.38317	5.59925e-008	0.304494	0.693045	0.00246077
2045.63	0.617275	0.382725	5.24491e-008	0.304825	0.692735	0.00244028
2045.75	0.617717	0.382283	4.913e-008	0.305152	0.692428	0.00241996
2045.88	0.618155	0.381845	4.60209e-008	0.305476	0.692124	0.00239981
2046	0.618591	0.381409	4.31086e-008	0.305797	0.691823	0.00237983
2046.13	0.619024	0.380976	4.03806e-008	0.306114	0.691526	0.00236001
2046.25	0.619453	0.380547	3.78253e-008	0.306428	0.691231	0.00234036
2046.38	0.61988	0.38012	3.54316e-008	0.306739	0.69094	0.00232088
2046.5	0.620304	0.379696	3.31895e-008	0.307047	0.690652	0.00230155
2046.63	0.620725	0.379275	3.10892e-008	0.307351	0.690366	0.00228239
2046.75	0.621143	0.378857	2.91219e-008	0.307653	0.690084	0.00226338
2046.88	0.621558	0.378442	2.72791e-008	0.307951	0.689805	0.00224454
2047	0.621971	0.378029	2.55529e-008	0.308246	0.689528	0.00222585
2047.13	0.62238	0.37762	2.39359e-008	0.308538	0.689255	0.00220731
2047.25	0.622788	0.377212	2.24213e-008	0.308827	0.688984	0.00218894
2047.38	0.623192	0.376808	2.10025e-008	0.309113	0.688716	0.00217071
2047.5	0.623594	0.376406	1.96736e-008	0.309396	0.688451	0.00215264
2047.63	0.623994	0.376006	1.84287e-008	0.309676	0.688189	0.00213471
2047.75	0.624391	0.375609	1.72626e-008	0.309953	0.68793	0.00211694
2047.88	0.624785	0.375215	1.61703e-008	0.310227	0.687673	0.00209931
2048	0.625178	0.374822	1.51471e-008	0.310499	0.687419	0.00208183
2048.13	0.625567	0.374433	1.41887e-008	0.310767	0.687168	0.0020645
2048.25	0.625954	0.374046	1.32909e-008	0.311033	0.68692	0.00204731
2048.38	0.626339	0.373661	1.24499e-008	0.311296	0.686674	0.00203026
2048.5	0.626722	0.373278	1.16622e-008	0.311556	0.68643	0.00201335
2048.63	0.627102	0.372898	1.09243e-008	0.311814	0.68619	0.00199659
2048.75	0.627481	0.372519	1.02331e-008	0.312069	0.685951	0.00197997
2048.88	0.627857	0.372143	9.58558e-009	0.312321	0.685716	0.00196348
2049	0.62823	0.37177	8.97909e-009	0.31257	0.685483	0.00194713
2049.13	0.628602	0.371398	8.41098e-009	0.312817	0.685252	0.00193092
2049.25	0.628971	0.371029	7.87881e-009	0.313061	0.685024	0.00191484
2049.38	0.629339	0.370661	7.38032e-009	0.313303	0.684798	0.0018989
2049.5	0.629704	0.370296	6.91337e-009	0.313542	0.684575	0.00188308
2049.63	0.630067	0.369933	6.47597e-009	0.313779	0.684354	0.0018674
2049.75	0.630429	0.369571	6.06624e-009	0.314013	0.684135	0.00185186
2049.88	0.630788	0.369212	5.68245e-009	0.314245	0.683919	0.00183644
2050	0.631145	0.368855	5.32293e-009	0.314474	0.683705	0.00182114
