Time	Trip Fraction[public transport]	Trip Fraction[regular car]	Trip Fraction[electric car]	Owner Fraction[public transport]	Owner Fraction[regular car]	Owner Fraction[electric car]
2010	0.239457	0.760543	0	0.198895	0.801105	0
2010.13	0.239457	0.760543	0	0.198895	0.801105	0
2010.25	0.237458	0.762542	0	0.197069	0.802931	0
2010.38	0.235477	0.764523	0	0.195267	0.804733	0
2010.5	0.233519	0.766481	0	0.193493	0.806507	0
2010.63	0.231584	0.768416	0	0.191747	0.808253	0
2010.75	0.229672	0.770328	0	0.190027	0.809973	0
2010.88	0.227783	0.772217	0	0.188334	0.811666	0
2011	0.225918	0.774082	0	0.186667	0.813333	0
2011.13	0.224077	0.775923	0	0.185026	0.814974	0
2011.25	0.22226	0.77774	0	0.18341	0.81659	0
2011.38	0.220467	0.779533	0	0.18182	0.81818	0
2011.5	0.218699	0.781301	0	0.180255	0.819745	0
2011.63	0.216954	0.783046	0	0.178714	0.821286	0
2011.75	0.215234	0.784766	0	0.177197	0.822803	0
2011.88	0.213538	0.786462	0	0.175704	0.824296	0
2012	0.211867	0.788133	0	0.174234	0.825766	0
2012.13	0.210219	0.789781	0	0.172788	0.827212	0
2012.25	0.209226	0.790774	0	0.171364	0.828636	0
2012.38	0.208263	0.791737	0	0.169974	0.830026	0
2012.5	0.207328	0.792672	0	0.168614	0.831385	0
2012.63	0.206422	0.793578	0	0.167287	0.832713	0
2012.75	0.205545	0.794455	0	0.16599	0.83401	3.04527e-007
2012.88	0.2047	0.7953	6.22643e-010	0.164724	0.835274	1.47212e-006
2013	0.203887	0.796113	7.37126e-009	0.163489	0.836506	4.26896e-006
2013.13	0.203107	0.796893	4.17435e-008	0.162285	0.837705	9.62629e-006
2013.25	0.202363	0.797637	1.58634e-007	0.161112	0.838869	1.86014e-005
2013.38	0.201655	0.798344	4.65315e-007	0.15997	0.839997	3.23419e-005
2013.5	0.200986	0.799013	1.13642e-006	0.15886	0.841088	5.20532e-005
2013.63	0.200357	0.799641	2.42179e-006	0.15778	0.842141	7.89692e-005
2013.75	0.19977	0.800226	4.64719e-006	0.156733	0.843153	0.000114325
2013.88	0.199227	0.800765	8.20969e-006	0.155717	0.844123	0.000159336
2014	0.19873	0.801256	1.357e-005	0.154734	0.84505	0.00021517
2014.13	0.198281	0.801698	2.12432e-005	0.153784	0.845933	0.000282939
2014.25	0.197882	0.802086	3.17888e-005	0.152867	0.84677	0.000363674
2014.38	0.197536	0.802419	4.58014e-005	0.151983	0.847559	0.000458316
2014.5	0.197243	0.802693	6.39006e-005	0.151133	0.848299	0.000567707
2014.63	0.197006	0.802907	8.67224e-005	0.150317	0.84899	0.000692576
2014.75	0.196828	0.803057	0.00011491	0.149537	0.84963	0.000833536
2014.88	0.196709	0.803142	0.000149105	0.148791	0.850218	0.000991077
2015	0.196652	0.803158	0.00018994	0.148081	0.850754	0.00116557
2015.13	0.196659	0.803103	0.000238032	0.147407	0.851236	0.00135725
2015.25	0.196731	0.802975	0.000293974	0.146769	0.851665	0.00156623
2015.38	0.19687	0.802772	0.000358329	0.146168	0.85204	0.00179251
2015.5	0.197077	0.802491	0.000431624	0.145604	0.85236	0.00203596
2015.63	0.197355	0.802131	0.000514345	0.145077	0.852626	0.00229634
2015.75	0.197703	0.80169	0.000606933	0.144589	0.852838	0.00257329
2015.88	0.198124	0.801166	0.00070978	0.144138	0.852996	0.00286637
2016	0.198618	0.800559	0.000823227	0.143725	0.8531	0.00317502
2016.13	0.199186	0.799867	0.000947556	0.143351	0.85315	0.0034986
2016.25	0.199828	0.799089	0.001083	0.143016	0.853148	0.00383641
2016.38	0.200546	0.798225	0.00122972	0.142719	0.853093	0.00418765
2016.5	0.201339	0.797274	0.00138783	0.142461	0.852987	0.00455149
2016.63	0.202207	0.796236	0.00155739	0.142242	0.852831	0.00492702
2016.75	0.203151	0.795111	0.00173838	0.142062	0.852625	0.00531331
2016.88	0.20417	0.793899	0.00193076	0.141921	0.85237	0.00570941
2017	0.205264	0.792602	0.0021344	0.141818	0.852068	0.00611432
2017.13	0.206431	0.791219	0.00234914	0.141754	0.851719	0.00652705
2017.25	0.207672	0.789753	0.00257476	0.141728	0.851325	0.00694659
2017.38	0.208985	0.788204	0.002811	0.141741	0.850887	0.00737196
2017.5	0.210369	0.786573	0.00305754	0.141791	0.850406	0.00780218
2017.63	0.211823	0.784863	0.00331404	0.141879	0.849884	0.00823628
2017.75	0.213345	0.783075	0.00358012	0.142004	0.849322	0.00867334
2017.88	0.214933	0.781212	0.00385537	0.142166	0.848722	0.00911246
2018	0.216586	0.779275	0.00413933	0.142364	0.848083	0.00955279
2018.13	0.218301	0.777268	0.00443155	0.142597	0.847409	0.00999351
2018.25	0.220077	0.775192	0.00473154	0.142866	0.8467	0.0104339
2018.38	0.221911	0.773051	0.0050388	0.143169	0.845958	0.0108731
2018.5	0.2238	0.770847	0.0053528	0.143505	0.845184	0.0113107
2018.63	0.225743	0.768584	0.00567304	0.143875	0.844379	0.0117458
2018.75	0.227737	0.766264	0.00599899	0.144276	0.843545	0.0121781
2018.88	0.229779	0.76389	0.00633012	0.144709	0.842684	0.012607
2019	0.231867	0.761467	0.00666591	0.145173	0.841795	0.0130321
2019.13	0.233998	0.758997	0.00700584	0.145666	0.840881	0.0134529
2019.25	0.236168	0.756483	0.00734941	0.146188	0.839942	0.0138692
2019.38	0.238375	0.753929	0.00769611	0.146738	0.838981	0.0142807
2019.5	0.240617	0.751338	0.00804546	0.147315	0.837998	0.0146871
2019.63	0.24289	0.748713	0.00839699	0.147918	0.836994	0.0150883
2019.75	0.245192	0.746058	0.00875025	0.148545	0.835971	0.015484
2019.88	0.247519	0.743376	0.00910481	0.149196	0.83493	0.0158743
2020	0.249869	0.740671	0.00946026	0.14987	0.833871	0.0162591
2020.13	0.252239	0.737945	0.00981619	0.150566	0.832796	0.0166383
2020.25	0.254596	0.735232	0.0101725	0.151275	0.831712	0.0170122
2020.38	0.256939	0.732532	0.0105289	0.151998	0.830621	0.0173811
2020.5	0.259269	0.729846	0.0108851	0.152733	0.829523	0.0177448
2020.63	0.261585	0.727174	0.0112406	0.153479	0.828417	0.0181034
2020.75	0.263889	0.724516	0.0115953	0.154237	0.827306	0.018457
2020.88	0.266178	0.721873	0.0119488	0.155005	0.826189	0.0188056
2021	0.268455	0.719244	0.0123009	0.155784	0.825067	0.0191495
2021.13	0.270734	0.716615	0.0126513	0.156576	0.823936	0.0194884
2021.25	0.273042	0.713959	0.0129993	0.157388	0.82279	0.0198221
2021.38	0.275378	0.711277	0.0133449	0.158221	0.821628	0.0201506
2021.5	0.277741	0.708571	0.0136877	0.159074	0.820452	0.0204742
2021.63	0.28013	0.705843	0.0140277	0.159945	0.819262	0.0207929
2021.75	0.282542	0.703093	0.0143646	0.160836	0.818057	0.0211069
2021.88	0.284978	0.700323	0.0146984	0.161744	0.81684	0.0214163
2022	0.287436	0.697535	0.0150289	0.16267	0.815608	0.0217213
2022.13	0.289914	0.69473	0.0153559	0.163614	0.814364	0.0220221
2022.25	0.292412	0.691909	0.0156795	0.164574	0.813108	0.0223187
2022.38	0.294927	0.689073	0.0159994	0.16555	0.811839	0.0226113
2022.5	0.29746	0.686224	0.0163158	0.166542	0.810558	0.0229
2022.63	0.300009	0.683363	0.0166284	0.167548	0.809267	0.0231851
2022.75	0.302572	0.680491	0.0169373	0.16857	0.807964	0.0234665
2022.88	0.305148	0.677609	0.0172424	0.169605	0.80665	0.0237445
2023	0.307737	0.674719	0.0175437	0.170654	0.805327	0.0240192
2023.13	0.310337	0.671822	0.0178413	0.171716	0.803993	0.0242906
2023.25	0.312946	0.668919	0.018135	0.172791	0.80265	0.024559
2023.38	0.315565	0.66601	0.0184249	0.173877	0.801298	0.0248243
2023.5	0.318191	0.663098	0.0187111	0.174975	0.799938	0.0250867
2023.63	0.320823	0.660183	0.0189935	0.176085	0.798569	0.0253463
2023.75	0.323461	0.657267	0.0192721	0.177204	0.797193	0.0256033
2023.88	0.326104	0.654349	0.019547	0.178334	0.795809	0.0258575
2024	0.328749	0.651432	0.0198183	0.179473	0.794418	0.0261093
2024.13	0.331397	0.648517	0.0200859	0.180621	0.793021	0.0263585
2024.25	0.334047	0.645603	0.0203498	0.181777	0.791617	0.0266054
2024.38	0.336696	0.642693	0.0206103	0.182942	0.790208	0.0268499
2024.5	0.339346	0.639787	0.0208671	0.184115	0.788793	0.0270922
2024.63	0.341993	0.636886	0.0211205	0.185294	0.787374	0.0273322
2024.75	0.344638	0.633991	0.0213705	0.18648	0.78595	0.02757
2024.88	0.34728	0.631103	0.0216171	0.187672	0.784522	0.0278057
2025	0.349917	0.628222	0.0218603	0.188871	0.78309	0.0280394
2025.13	0.35255	0.62535	0.0221003	0.190074	0.781655	0.028271
2025.25	0.355176	0.622487	0.022337	0.191283	0.780217	0.0285006
2025.38	0.357796	0.619633	0.0225705	0.192496	0.778776	0.0287282
2025.5	0.360409	0.61679	0.0228009	0.193713	0.777334	0.0289539
2025.63	0.363014	0.613958	0.0230282	0.194933	0.775889	0.0291776
2025.75	0.365609	0.611138	0.0232524	0.196157	0.774443	0.0293995
2025.88	0.368195	0.608331	0.0234737	0.197384	0.772996	0.0296195
2026	0.370771	0.605537	0.023692	0.198614	0.771549	0.0298377
2026.13	0.373336	0.602756	0.0239074	0.199845	0.770101	0.0300541
2026.25	0.37589	0.59999	0.0241199	0.201078	0.768653	0.0302686
2026.38	0.378432	0.597238	0.0243297	0.202313	0.767206	0.0304813
2026.5	0.380961	0.594502	0.0245367	0.203549	0.765759	0.0306923
2026.63	0.383478	0.591781	0.0247409	0.204785	0.764314	0.0309014
2026.75	0.38598	0.589077	0.0249425	0.206022	0.762869	0.0311089
2026.88	0.388469	0.58639	0.0251415	0.207258	0.761427	0.0313145
2027	0.390943	0.583719	0.0253378	0.208495	0.759987	0.0315184
2027.13	0.393402	0.581066	0.0255316	0.209731	0.758549	0.0317206
2027.25	0.395846	0.578431	0.0257229	0.210966	0.757113	0.031921
2027.38	0.398275	0.575814	0.0259118	0.212199	0.755681	0.0321198
2027.5	0.400687	0.573215	0.0260981	0.213432	0.754252	0.0323168
2027.63	0.403083	0.570635	0.0262821	0.214662	0.752826	0.032512
2027.75	0.405462	0.568075	0.0264637	0.21589	0.751404	0.0327056
2027.88	0.407824	0.565533	0.026643	0.217116	0.749986	0.0328975
2028	0.410168	0.563012	0.02682	0.21834	0.748573	0.0330876
2028.13	0.412496	0.56051	0.0269947	0.21956	0.747164	0.033276
2028.25	0.414805	0.558028	0.0271671	0.220778	0.745759	0.0334628
2028.38	0.417097	0.555566	0.0273374	0.221992	0.74436	0.0336478
2028.5	0.41937	0.553125	0.0275055	0.223203	0.742966	0.0338312
2028.63	0.421625	0.550704	0.0276714	0.22441	0.741578	0.0340129
2028.75	0.423861	0.548304	0.0278352	0.225612	0.740195	0.0341928
2028.88	0.426079	0.545924	0.027997	0.226811	0.738818	0.0343711
2029	0.428278	0.543566	0.0281566	0.228005	0.737447	0.0345477
2029.13	0.430458	0.541228	0.0283143	0.229195	0.736082	0.0347227
2029.25	0.432619	0.538911	0.0284699	0.23038	0.734724	0.0348959
2029.38	0.434761	0.536616	0.0286236	0.23156	0.733373	0.0350675
2029.5	0.436883	0.534341	0.0287753	0.232734	0.732028	0.0352374
2029.63	0.438987	0.532088	0.028925	0.233904	0.73069	0.0354057
2029.75	0.441071	0.529856	0.0290729	0.235068	0.72936	0.0355723
2029.88	0.443136	0.527645	0.0292189	0.236226	0.728037	0.0357372
2030	0.445182	0.525455	0.029363	0.237379	0.726721	0.0359005
2030.13	0.447208	0.523287	0.0295053	0.238525	0.725413	0.0360621
2030.25	0.449215	0.521139	0.0296458	0.239666	0.724112	0.0362221
2030.38	0.451202	0.519013	0.0297844	0.2408	0.722819	0.0363805
2030.5	0.453171	0.516908	0.0299214	0.241928	0.721535	0.0365373
2030.63	0.45512	0.514823	0.0300565	0.24305	0.720258	0.0366924
2030.75	0.45705	0.51276	0.03019	0.244165	0.718989	0.0368459
2030.88	0.458961	0.510717	0.0303217	0.245273	0.717729	0.0369978
2031	0.460853	0.508696	0.0304518	0.246375	0.716477	0.0371482
2031.13	0.462725	0.506694	0.0305802	0.247469	0.715234	0.0372969
2031.25	0.464579	0.504714	0.030707	0.248557	0.713999	0.037444
2031.38	0.466414	0.502754	0.0308321	0.249638	0.712773	0.0375896
2031.5	0.468231	0.500814	0.0309557	0.250711	0.711555	0.0377336
2031.63	0.470028	0.498894	0.0310777	0.251777	0.710347	0.0378761
2031.75	0.471807	0.496995	0.0311981	0.252836	0.709147	0.038017
2031.88	0.473568	0.495115	0.031317	0.253888	0.707956	0.0381563
2032	0.47531	0.493255	0.0314343	0.254932	0.706774	0.0382942
2032.13	0.477034	0.491415	0.0315502	0.255969	0.705601	0.0384305
2032.25	0.478741	0.489595	0.0316646	0.256998	0.704437	0.0385653
2032.38	0.480429	0.487794	0.0317775	0.258019	0.703282	0.0386986
2032.5	0.482099	0.486012	0.031889	0.259033	0.702137	0.0388304
2032.63	0.483752	0.484249	0.031999	0.260039	0.701	0.0389607
2032.75	0.485387	0.482506	0.0321077	0.261037	0.699873	0.0390896
2032.88	0.487005	0.480781	0.0322149	0.262028	0.698755	0.039217
2033	0.488605	0.479074	0.0323208	0.26301	0.697647	0.039343
2033.13	0.490188	0.477386	0.0324254	0.263985	0.696547	0.0394676
2033.25	0.491755	0.475716	0.0325286	0.264952	0.695457	0.0395907
2033.38	0.493305	0.474065	0.0326305	0.265911	0.694377	0.0397124
2033.5	0.494838	0.472431	0.0327311	0.266862	0.693305	0.0398327
2033.63	0.496354	0.470815	0.0328305	0.267805	0.692243	0.0399516
2033.75	0.497855	0.469217	0.0329285	0.26874	0.691191	0.0400692
2033.88	0.499339	0.467636	0.0330254	0.269667	0.690147	0.0401854
2034	0.500807	0.466072	0.033121	0.270586	0.689114	0.0403002
2034.13	0.50226	0.464525	0.0332154	0.271497	0.688089	0.0404137
2034.25	0.503697	0.462995	0.0333086	0.2724	0.687074	0.0405259
2034.38	0.505118	0.461481	0.0334006	0.273295	0.686068	0.0406368
2034.5	0.506524	0.459984	0.0334915	0.274182	0.685071	0.0407464
2034.63	0.507915	0.458504	0.0335812	0.275061	0.684084	0.0408547
2034.75	0.509291	0.457039	0.0336698	0.275932	0.683106	0.0409617
2034.88	0.510652	0.455591	0.0337573	0.276795	0.682138	0.0410675
2035	0.511999	0.454158	0.0338437	0.27765	0.681178	0.041172
2035.13	0.513331	0.45274	0.0339291	0.278497	0.680228	0.0412752
2035.25	0.514648	0.451338	0.0340133	0.279336	0.679287	0.0413773
2035.38	0.515952	0.449951	0.0340966	0.280167	0.678355	0.0414782
2035.5	0.517242	0.448579	0.0341787	0.28099	0.677433	0.0415778
2035.63	0.518518	0.447222	0.0342599	0.281805	0.676519	0.0416763
2035.75	0.51978	0.44588	0.0343401	0.282612	0.675615	0.0417736
2035.88	0.521029	0.444552	0.0344193	0.283411	0.674719	0.0418698
2036	0.522265	0.443238	0.0344975	0.284202	0.673833	0.0419648
2036.13	0.523487	0.441938	0.0345748	0.284986	0.672955	0.0420587
2036.25	0.524697	0.440652	0.0346511	0.285762	0.672087	0.0421514
2036.38	0.525893	0.43938	0.0347265	0.28653	0.671227	0.0422431
2036.5	0.527078	0.438121	0.034801	0.28729	0.670376	0.0423337
2036.63	0.528249	0.436876	0.0348746	0.288042	0.669534	0.0424232
2036.75	0.529409	0.435644	0.0349473	0.288787	0.668701	0.0425116
2036.88	0.530556	0.434425	0.0350192	0.289524	0.667877	0.042599
2037	0.531691	0.433219	0.0350901	0.290254	0.667061	0.0426853
2037.13	0.532815	0.432025	0.0351603	0.290976	0.666254	0.0427707
2037.25	0.533926	0.430844	0.0352296	0.29169	0.665455	0.042855
2037.38	0.535027	0.429675	0.0352981	0.292397	0.664665	0.0429383
2037.5	0.536116	0.428518	0.0353658	0.293096	0.663883	0.0430206
2037.63	0.537193	0.427374	0.0354327	0.293788	0.66311	0.043102
2037.75	0.53826	0.426241	0.0354988	0.294473	0.662345	0.0431823
2037.88	0.539316	0.42512	0.0355642	0.29515	0.661588	0.0432618
2038	0.540361	0.42401	0.0356288	0.29582	0.66084	0.0433403
2038.13	0.541396	0.422912	0.0356927	0.296483	0.6601	0.0434179
2038.25	0.54242	0.421825	0.0357558	0.297138	0.659368	0.0434945
2038.38	0.543433	0.420749	0.0358182	0.297786	0.658643	0.0435703
2038.5	0.544437	0.419683	0.03588	0.298427	0.657928	0.0436452
2038.63	0.54543	0.418629	0.035941	0.299061	0.65722	0.0437192
2038.75	0.546414	0.417585	0.0360013	0.299688	0.656519	0.0437923
2038.88	0.547388	0.416551	0.036061	0.300308	0.655827	0.0438646
2039	0.548352	0.415528	0.03612	0.300921	0.655143	0.043936
2039.13	0.549307	0.414515	0.0361784	0.301527	0.654466	0.0440066
2039.25	0.550252	0.413511	0.0362361	0.302127	0.653797	0.0440764
2039.38	0.551189	0.412518	0.0362932	0.302719	0.653135	0.0441454
2039.5	0.552116	0.411534	0.0363497	0.303305	0.652481	0.0442136
2039.63	0.553034	0.41056	0.0364056	0.303884	0.651835	0.044281
2039.75	0.553944	0.409595	0.0364609	0.304456	0.651196	0.0443476
2039.88	0.554845	0.40864	0.0365156	0.305022	0.650564	0.0444135
2040	0.555737	0.407693	0.0365697	0.305581	0.64994	0.0444786
2040.13	0.556621	0.406756	0.0366233	0.306134	0.649323	0.044543
2040.25	0.557496	0.405828	0.0366763	0.30668	0.648713	0.0446067
2040.38	0.558363	0.404908	0.0367287	0.30722	0.64811	0.0446696
2040.5	0.559223	0.403997	0.0367807	0.307754	0.647514	0.0447318
2040.63	0.560074	0.403094	0.036832	0.308281	0.646926	0.0447933
2040.75	0.560917	0.4022	0.0368829	0.308802	0.646344	0.0448542
2040.88	0.561753	0.401314	0.0369333	0.309317	0.645769	0.0449143
2041	0.562581	0.400436	0.0369831	0.309826	0.645201	0.0449738
2041.13	0.563402	0.399566	0.0370325	0.310328	0.644639	0.0450327
2041.25	0.564215	0.398704	0.0370814	0.310825	0.644084	0.0450909
2041.38	0.565021	0.397849	0.0371298	0.311315	0.643536	0.0451484
2041.5	0.56582	0.397002	0.0371778	0.3118	0.642995	0.0452054
2041.63	0.566612	0.396163	0.0372253	0.312279	0.64246	0.0452617
2041.75	0.567396	0.395331	0.0372723	0.312752	0.641931	0.0453174
2041.88	0.568174	0.394507	0.0373189	0.313219	0.641409	0.0453725
2042	0.568945	0.39369	0.037365	0.31368	0.640893	0.045427
2042.13	0.56971	0.392879	0.0374108	0.314136	0.640383	0.0454809
2042.25	0.570468	0.392076	0.0374561	0.314586	0.639879	0.0455343
2042.38	0.571219	0.39128	0.037501	0.315031	0.639382	0.0455871
2042.5	0.571964	0.39049	0.0375455	0.31547	0.638891	0.0456393
2042.63	0.572703	0.389707	0.0375896	0.315904	0.638405	0.045691
2042.75	0.573436	0.388931	0.0376333	0.316332	0.637926	0.0457422
2042.88	0.574163	0.388161	0.0376766	0.316755	0.637452	0.0457928
2043	0.574883	0.387397	0.0377195	0.317173	0.636985	0.0458429
2043.13	0.575598	0.38664	0.0377621	0.317585	0.636523	0.0458925
2043.25	0.576307	0.385889	0.0378043	0.317992	0.636066	0.0459416
2043.38	0.57701	0.385144	0.0378462	0.318394	0.635616	0.0459902
2043.5	0.577708	0.384405	0.0378877	0.318791	0.635171	0.0460383
2043.63	0.5784	0.383671	0.0379289	0.319183	0.634731	0.0460859
2043.75	0.579086	0.382944	0.0379697	0.31957	0.634297	0.0461331
2043.88	0.579768	0.382222	0.0380102	0.319951	0.633869	0.0461798
2044	0.580444	0.381506	0.0380504	0.320328	0.633446	0.0462261
2044.13	0.581114	0.380796	0.0380902	0.320701	0.633028	0.0462719
2044.25	0.58178	0.38009	0.0381298	0.321068	0.632615	0.0463172
2044.38	0.58244	0.379391	0.038169	0.32143	0.632207	0.0463621
2044.5	0.583096	0.378696	0.0382079	0.321788	0.631805	0.0464066
2044.63	0.583746	0.378007	0.0382466	0.322142	0.631408	0.0464507
2044.75	0.584392	0.377323	0.0382849	0.32249	0.631015	0.0464944
2044.88	0.585033	0.376644	0.038323	0.322834	0.630628	0.0465376
2045	0.585669	0.37597	0.0383607	0.323174	0.630246	0.0465805
2045.13	0.586301	0.375301	0.0383982	0.323509	0.629868	0.046623
2045.25	0.586928	0.374636	0.0384355	0.323839	0.629496	0.0466651
2045.38	0.587551	0.373976	0.0384725	0.324166	0.629128	0.0467068
2045.5	0.588169	0.373322	0.0385092	0.324488	0.628764	0.0467481
2045.63	0.588783	0.372671	0.0385456	0.324805	0.628406	0.0467891
2045.75	0.589393	0.372025	0.0385818	0.325119	0.628052	0.0468297
2045.88	0.589998	0.371384	0.0386178	0.325428	0.627702	0.0468699
2046	0.5906	0.370747	0.0386535	0.325733	0.627357	0.0469099
2046.13	0.591197	0.370114	0.038689	0.326034	0.627016	0.0469494
2046.25	0.59179	0.369485	0.0387243	0.326331	0.62668	0.0469887
2046.38	0.59238	0.368861	0.0387593	0.326624	0.626348	0.0470276
2046.5	0.592965	0.368241	0.0387941	0.326913	0.626021	0.0470662
2046.63	0.593547	0.367625	0.0388287	0.327198	0.625697	0.0471044
2046.75	0.594124	0.367013	0.0388631	0.327479	0.625378	0.0471424
2046.88	0.594698	0.366404	0.0388973	0.327757	0.625063	0.0471801
2047	0.595269	0.3658	0.0389313	0.32803	0.624752	0.0472174
2047.13	0.595836	0.365199	0.038965	0.3283	0.624445	0.0472545
2047.25	0.596399	0.364603	0.0389986	0.328566	0.624142	0.0472913
2047.38	0.596959	0.364009	0.039032	0.328829	0.623843	0.0473277
2047.5	0.597515	0.36342	0.0390652	0.329088	0.623548	0.047364
2047.63	0.598068	0.362834	0.0390982	0.329343	0.623257	0.0473999
2047.75	0.598618	0.362251	0.039131	0.329595	0.62297	0.0474356
2047.88	0.599164	0.361672	0.0391637	0.329843	0.622686	0.047471
2048	0.599707	0.361097	0.0391962	0.330088	0.622406	0.0475061
2048.13	0.600247	0.360525	0.0392285	0.330329	0.62213	0.047541
2048.25	0.600784	0.359956	0.0392606	0.330567	0.621857	0.0475757
2048.38	0.601318	0.35939	0.0392926	0.330802	0.621588	0.0476101
2048.5	0.601848	0.358827	0.0393244	0.331033	0.621323	0.0476442
2048.63	0.602376	0.358268	0.0393561	0.331261	0.621061	0.0476782
2048.75	0.602901	0.357712	0.0393876	0.331486	0.620802	0.0477119
2048.88	0.603423	0.357158	0.039419	0.331707	0.620547	0.0477453
2049	0.603942	0.356608	0.0394502	0.331926	0.620296	0.0477786
2049.13	0.604458	0.356061	0.0394813	0.332141	0.620047	0.0478116
2049.25	0.604971	0.355517	0.0395122	0.332354	0.619802	0.0478444
2049.38	0.605482	0.354975	0.039543	0.332563	0.61956	0.0478771
2049.5	0.60599	0.354436	0.0395737	0.332769	0.619322	0.0479095
2049.63	0.606495	0.3539	0.0396043	0.332972	0.619086	0.0479417
2049.75	0.606998	0.353367	0.0396347	0.333173	0.618854	0.0479737
2049.88	0.607499	0.352836	0.039665	0.33337	0.618624	0.0480055
2050	0.607996	0.352308	0.0396951	0.333565	0.618398	0.0480372
