Time	Trip Fraction[public transport]	Trip Fraction[regular car]	Trip Fraction[electric car]	Owner Fraction[public transport]	Owner Fraction[regular car]	Owner Fraction[electric car]
2010	0.239378	0.760622	0	0.160822	0.839178	0
2010.13	0.239378	0.760622	0	0.160822	0.839178	0
2010.25	0.236817	0.763183	0	0.159912	0.840088	0
2010.38	0.234394	0.765606	0	0.159018	0.840982	0
2010.5	0.232113	0.767887	0	0.158143	0.841857	0
2010.63	0.229965	0.770036	0	0.157288	0.842712	0
2010.75	0.227941	0.772059	0	0.156452	0.843548	0
2010.88	0.226034	0.773966	0	0.155634	0.844366	0
2011	0.224236	0.775764	0	0.154833	0.845167	0
2011.13	0.222542	0.777458	0	0.154049	0.845951	0
2011.25	0.220943	0.779057	0	0.153282	0.846718	0
2011.38	0.219435	0.780565	0	0.152531	0.847469	0
2011.5	0.218011	0.781989	0	0.151796	0.848204	0
2011.63	0.216667	0.783333	0	0.151076	0.848924	0
2011.75	0.215398	0.784602	0	0.150372	0.849628	0
2011.88	0.214198	0.785802	0	0.149681	0.850319	0
2012	0.213064	0.786936	0	0.149005	0.850995	0
2012.13	0.211991	0.788009	0	0.148343	0.851657	0
2012.25	0.210977	0.789023	0	0.147694	0.852306	0
2012.38	0.210016	0.789984	0	0.147058	0.852942	0
2012.5	0.209107	0.790893	0	0.146436	0.853564	0
2012.63	0.208245	0.791755	0	0.145825	0.854175	0
2012.75	0.207429	0.792571	0	0.145226	0.854766	7.20754e-006
2012.88	0.206655	0.793345	1.14376e-007	0.144639	0.855341	2.02908e-005
2013	0.205921	0.794079	5.4502e-007	0.144062	0.855899	3.90352e-005
2013.13	0.205224	0.794774	1.54074e-006	0.143496	0.856441	6.30143e-005
2013.25	0.204564	0.795433	3.35885e-006	0.14294	0.856968	9.16623e-005
2013.38	0.203936	0.796058	6.23751e-006	0.142395	0.857481	0.000124339
2013.5	0.20334	0.796649	1.03782e-005	0.14186	0.85798	0.000160377
2013.63	0.202773	0.797211	1.59363e-005	0.141335	0.858466	0.000199113
2013.75	0.202234	0.797743	2.30164e-005	0.14082	0.85894	0.000239911
2013.88	0.201721	0.798247	3.16725e-005	0.140315	0.859403	0.000282177
2014	0.201233	0.798725	4.19101e-005	0.139819	0.859856	0.000325365
2014.13	0.200767	0.799179	5.36905e-005	0.139333	0.860298	0.000368983
2014.25	0.200323	0.79961	6.6936e-005	0.138856	0.860732	0.000412594
2014.38	0.1999	0.800019	8.15364e-005	0.138388	0.861156	0.000455817
2014.5	0.199496	0.800407	9.73554e-005	0.137929	0.861573	0.000498321
2014.63	0.19911	0.800776	0.000114236	0.137479	0.861981	0.000539827
2014.75	0.198741	0.801127	0.000132008	0.137038	0.862382	0.000580103
2014.88	0.198389	0.80146	0.000150491	0.136605	0.862776	0.000618957
2015	0.198053	0.801778	0.000169499	0.13618	0.863163	0.000656237
2015.13	0.197731	0.80208	0.000188847	0.135764	0.863544	0.000691827
2015.25	0.197423	0.802368	0.00020835	0.135356	0.863919	0.000725639
2015.38	0.197129	0.802643	0.000227828	0.134955	0.864287	0.000757616
2015.5	0.196847	0.802906	0.000247109	0.134562	0.86465	0.000787722
2015.63	0.196577	0.803157	0.000266027	0.134177	0.865007	0.000815943
2015.75	0.196319	0.803397	0.000284427	0.133799	0.865359	0.000842282
2015.88	0.196071	0.803626	0.000302167	0.133428	0.865705	0.000866759
2016	0.195834	0.803847	0.000319112	0.133065	0.866046	0.000889405
2016.13	0.195607	0.804058	0.000335144	0.132708	0.866382	0.00091026
2016.25	0.195389	0.804261	0.000350157	0.132358	0.866713	0.000929376
2016.38	0.19518	0.804456	0.000364056	0.132014	0.867039	0.000946808
2016.5	0.194979	0.804644	0.000376762	0.131677	0.86736	0.000962619
2016.63	0.194787	0.804825	0.00038821	0.131346	0.867677	0.000976873
2016.75	0.194602	0.804999	0.000398347	0.131021	0.867989	0.000989641
2016.88	0.194425	0.805168	0.000407136	0.130702	0.868297	0.00100099
2017	0.194254	0.805331	0.000414552	0.130389	0.8686	0.00101099
2017.13	0.19409	0.805489	0.000420583	0.130082	0.868899	0.00101972
2017.25	0.193932	0.805643	0.000425229	0.12978	0.869193	0.00102724
2017.38	0.19378	0.805791	0.000428506	0.129483	0.869483	0.00103362
2017.5	0.193634	0.805936	0.000430436	0.129192	0.869769	0.00103893
2017.63	0.193493	0.806076	0.000431056	0.128906	0.870051	0.00104324
2017.75	0.193356	0.806213	0.00043041	0.128625	0.870329	0.0010466
2017.88	0.193225	0.806347	0.000428552	0.128348	0.870603	0.00104909
2018	0.193097	0.806477	0.000425543	0.128077	0.870872	0.00105076
2018.13	0.192974	0.806604	0.000421452	0.12781	0.871139	0.00105166
2018.25	0.192855	0.806729	0.00041635	0.127547	0.871401	0.00105185
2018.38	0.192739	0.806851	0.000410316	0.127289	0.871659	0.00105139
2018.5	0.192626	0.806971	0.00040343	0.127036	0.871914	0.00105031
2018.63	0.192516	0.807088	0.000395774	0.126786	0.872165	0.00104867
2018.75	0.192409	0.807204	0.000387431	0.126541	0.872413	0.00104651
2018.88	0.192304	0.807317	0.000378483	0.126299	0.872657	0.00104387
2019	0.192202	0.807429	0.000369013	0.126061	0.872898	0.00104078
2019.13	0.192102	0.807539	0.000359101	0.125828	0.873135	0.00103729
2019.25	0.192004	0.807647	0.000348823	0.125597	0.873369	0.00103344
2019.38	0.191907	0.807755	0.000338252	0.125371	0.8736	0.00102924
2019.5	0.191812	0.80786	0.00032746	0.125147	0.873828	0.00102473
2019.63	0.191719	0.807965	0.000316511	0.124928	0.874052	0.00101994
2019.75	0.191626	0.808068	0.000305467	0.124711	0.874274	0.00101489
2019.88	0.191535	0.808171	0.000294384	0.124498	0.874493	0.00100962
2020	0.191444	0.808272	0.000283315	0.124288	0.874708	0.00100413
2020.13	0.191355	0.808373	0.000272305	0.124081	0.874921	0.000998458
2020.25	0.191266	0.808473	0.000261398	0.123876	0.875131	0.000992615
2020.38	0.191177	0.808572	0.000250631	0.123675	0.875338	0.000986621
2020.5	0.191089	0.808671	0.000240037	0.123477	0.875543	0.000980494
2020.63	0.191002	0.808769	0.000229644	0.123281	0.875745	0.000974247
2020.75	0.190914	0.808866	0.000219478	0.123088	0.875944	0.000967896
2020.88	0.190827	0.808963	0.000209559	0.122897	0.876141	0.000961453
2021	0.19074	0.80906	0.000199904	0.122709	0.876336	0.000954931
2021.13	0.190653	0.809156	0.000190527	0.122524	0.876528	0.000948342
2021.25	0.190566	0.809252	0.00018144	0.122341	0.876718	0.000941694
2021.38	0.190479	0.809348	0.00017265	0.12216	0.876905	0.000934998
2021.5	0.190392	0.809444	0.000164162	0.121981	0.877091	0.000928263
2021.63	0.190304	0.80954	0.000155982	0.121805	0.877274	0.000921496
2021.75	0.190216	0.809635	0.000148108	0.12163	0.877455	0.000914705
2021.88	0.190128	0.809731	0.000140543	0.121458	0.877634	0.000907897
2022	0.19004	0.809827	0.000133282	0.121288	0.877811	0.000901078
2022.13	0.189951	0.809923	0.000126323	0.121119	0.877987	0.000894253
2022.25	0.189862	0.810019	0.000119663	0.120953	0.87816	0.000887427
2022.38	0.189772	0.810115	0.000113294	0.120788	0.878332	0.000880606
2022.5	0.189681	0.810211	0.000107211	0.120625	0.878501	0.000873794
2022.63	0.18959	0.810308	0.000101407	0.120464	0.878669	0.000866994
2022.75	0.189499	0.810405	9.58738e-005	0.120304	0.878836	0.000860211
2022.88	0.189407	0.810503	9.06043e-005	0.120146	0.879001	0.000853447
2023	0.189314	0.810601	8.55898e-005	0.119989	0.879164	0.000846705
2023.13	0.18922	0.810699	8.08217e-005	0.119834	0.879326	0.000839988
2023.25	0.189126	0.810798	7.62914e-005	0.119681	0.879486	0.000833298
2023.38	0.18903	0.810898	7.199e-005	0.119529	0.879645	0.000826638
2023.5	0.188934	0.810998	6.79086e-005	0.119378	0.879802	0.00082001
2023.63	0.188838	0.811098	6.40384e-005	0.119228	0.879958	0.000813415
2023.75	0.18874	0.8112	6.03707e-005	0.11908	0.880113	0.000806855
2023.88	0.188641	0.811302	5.68968e-005	0.118933	0.880267	0.000800331
2024	0.188542	0.811405	5.36082e-005	0.118787	0.880419	0.000793844
2024.13	0.188441	0.811509	5.04966e-005	0.118642	0.880571	0.000787397
2024.25	0.188339	0.811613	4.75539e-005	0.118498	0.880721	0.000780989
2024.38	0.188237	0.811719	4.47722e-005	0.118355	0.88087	0.000774621
2024.5	0.188133	0.811825	4.21438e-005	0.118214	0.881018	0.000768295
2024.63	0.188028	0.811932	3.96612e-005	0.118073	0.881165	0.000762011
2024.75	0.187922	0.812041	3.73172e-005	0.117933	0.881312	0.000755769
2024.88	0.187815	0.81215	3.51049e-005	0.117793	0.881457	0.00074957
2025	0.187707	0.81226	3.30177e-005	0.117655	0.881601	0.000743415
2025.13	0.187597	0.812372	3.10491e-005	0.117518	0.881745	0.000737304
2025.25	0.187486	0.812485	2.9193e-005	0.117381	0.881888	0.000731236
2025.38	0.187374	0.812599	2.74434e-005	0.117244	0.88203	0.000725213
2025.5	0.18726	0.812714	2.57946e-005	0.117109	0.882172	0.000719234
2025.63	0.187145	0.81283	2.42414e-005	0.116974	0.882313	0.0007133
2025.75	0.187029	0.812948	2.27785e-005	0.11684	0.882453	0.000707411
2025.88	0.186911	0.813067	2.14011e-005	0.116706	0.882593	0.000701566
2026	0.186792	0.813188	2.01043e-005	0.116573	0.882732	0.000695766
2026.13	0.186672	0.813309	1.88839e-005	0.11644	0.88287	0.000690011
2026.25	0.186549	0.813433	1.77354e-005	0.116307	0.883008	0.0006843
2026.38	0.186426	0.813558	1.66549e-005	0.116175	0.883146	0.000678634
2026.5	0.1863	0.813684	1.56386e-005	0.116044	0.883283	0.000673012
2026.63	0.186173	0.813812	1.46828e-005	0.115912	0.88342	0.000667435
2026.75	0.186045	0.813941	1.37841e-005	0.115781	0.883557	0.000661902
2026.88	0.185914	0.814073	1.29392e-005	0.11565	0.883693	0.000656412
2027	0.185782	0.814206	1.2145e-005	0.11552	0.883829	0.000650967
2027.13	0.185648	0.81434	1.13985e-005	0.115389	0.883965	0.000645565
2027.25	0.185513	0.814476	1.06971e-005	0.115259	0.8841	0.000640206
2027.38	0.185375	0.814615	1.00381e-005	0.115129	0.884236	0.000634891
2027.5	0.185236	0.814755	9.41891e-006	0.114999	0.884371	0.000629619
2027.63	0.185095	0.814896	8.83731e-006	0.114869	0.884506	0.000624389
2027.75	0.184952	0.81504	8.29106e-006	0.11474	0.884641	0.000619202
2027.88	0.184807	0.815186	7.77806e-006	0.11461	0.884776	0.000614057
2028	0.184659	0.815333	7.29634e-006	0.11448	0.884911	0.000608954
2028.13	0.18451	0.815483	6.84405e-006	0.11435	0.885046	0.000603892
2028.25	0.184359	0.815635	6.41942e-006	0.11422	0.885181	0.000598872
2028.38	0.184206	0.815788	6.02081e-006	0.11409	0.885316	0.000593893
2028.5	0.18405	0.815944	5.64664e-006	0.11396	0.885451	0.000588955
2028.63	0.183892	0.816102	5.29547e-006	0.113829	0.885587	0.000584058
2028.75	0.183732	0.816263	4.96589e-006	0.113699	0.885722	0.0005792
2028.88	0.18357	0.816425	4.65661e-006	0.113568	0.885858	0.000574383
2029	0.183406	0.81659	4.36639e-006	0.113437	0.885994	0.000569605
2029.13	0.183239	0.816757	4.09409e-006	0.113305	0.88613	0.000564867
2029.25	0.18307	0.816926	3.83861e-006	0.113174	0.886266	0.000560168
2029.38	0.182898	0.817098	3.59893e-006	0.113042	0.886403	0.000555507
2029.5	0.182724	0.817272	3.37409e-006	0.11291	0.88654	0.000550885
2029.63	0.182548	0.817449	3.16318e-006	0.112777	0.886677	0.000546302
2029.75	0.182369	0.817628	2.96536e-006	0.112644	0.886814	0.000541756
2029.88	0.182188	0.81781	2.77981e-006	0.11251	0.886953	0.000537248
2030	0.182004	0.817994	2.60579e-006	0.112376	0.887091	0.000532777
2030.13	0.181817	0.818181	2.44259e-006	0.112242	0.88723	0.000528343
2030.25	0.181628	0.81837	2.28954e-006	0.112107	0.887369	0.000523946
2030.38	0.181436	0.818562	2.14603e-006	0.111971	0.887509	0.000519585
2030.5	0.181241	0.818757	2.01145e-006	0.111835	0.88765	0.000515261
2030.63	0.181044	0.818954	1.88527e-006	0.111699	0.88779	0.000510972
2030.75	0.180844	0.819155	1.76695e-006	0.111561	0.887932	0.000506719
2030.88	0.18064	0.819358	1.65603e-006	0.111423	0.888074	0.000502502
2031	0.180435	0.819564	1.55203e-006	0.111285	0.888217	0.000498319
2031.13	0.180226	0.819773	1.45453e-006	0.111146	0.88836	0.000494171
2031.25	0.180014	0.819985	1.36313e-006	0.111006	0.888504	0.000490057
2031.38	0.179799	0.820199	1.27744e-006	0.110865	0.888649	0.000485978
2031.5	0.179582	0.820417	1.19712e-006	0.110724	0.888794	0.000481933
2031.63	0.179361	0.820638	1.12183e-006	0.110582	0.888941	0.000477921
2031.75	0.179137	0.820862	1.05125e-006	0.110439	0.889087	0.000473942
2031.88	0.178911	0.821088	9.85097e-007	0.110295	0.889235	0.000469997
2032	0.178681	0.821319	9.23093e-007	0.11015	0.889384	0.000466084
2032.13	0.178447	0.821552	8.64977e-007	0.110005	0.889533	0.000462204
2032.25	0.178211	0.821788	8.10508e-007	0.109858	0.889683	0.000458357
2032.38	0.177972	0.822028	7.59458e-007	0.109711	0.889834	0.000454541
2032.5	0.177729	0.822271	7.11613e-007	0.109563	0.889986	0.000450757
2032.63	0.177483	0.822517	6.66774e-007	0.109414	0.890139	0.000447004
2032.75	0.177233	0.822766	6.24752e-007	0.109264	0.890293	0.000443283
2032.88	0.176981	0.823019	5.85371e-007	0.109113	0.890447	0.000439592
2033	0.176724	0.823275	5.48466e-007	0.108961	0.890603	0.000435933
2033.13	0.176465	0.823535	5.13882e-007	0.108808	0.89076	0.000432303
2033.25	0.176202	0.823798	4.81473e-007	0.108654	0.890918	0.000428704
2033.38	0.175935	0.824064	4.51104e-007	0.108499	0.891076	0.000425135
2033.5	0.175666	0.824334	4.22646e-007	0.108342	0.891236	0.000421596
2033.63	0.175392	0.824608	3.95979e-007	0.108185	0.891397	0.000418086
2033.75	0.175115	0.824885	3.70992e-007	0.108027	0.891559	0.000414605
2033.88	0.174835	0.825165	3.47578e-007	0.107867	0.891722	0.000411153
2034	0.17455	0.825449	3.25639e-007	0.107706	0.891886	0.00040773
2034.13	0.174263	0.825737	3.05083e-007	0.107544	0.892051	0.000404335
2034.25	0.173971	0.826029	2.85822e-007	0.107381	0.892218	0.000400969
2034.38	0.173676	0.826324	2.67775e-007	0.107217	0.892386	0.000397631
2034.5	0.173377	0.826622	2.50865e-007	0.107051	0.892554	0.00039432
2034.63	0.173075	0.826925	2.35022e-007	0.106885	0.892724	0.000391037
2034.75	0.172769	0.827231	2.20178e-007	0.106717	0.892896	0.000387782
2034.88	0.172459	0.827541	2.0627e-007	0.106547	0.893068	0.000384553
2035	0.172145	0.827855	1.9324e-007	0.106377	0.893242	0.000381351
2035.13	0.171828	0.828172	1.81031e-007	0.106205	0.893417	0.000378176
2035.25	0.171506	0.828493	1.69593e-007	0.106032	0.893593	0.000375028
2035.38	0.171181	0.828818	1.58877e-007	0.105857	0.893771	0.000371905
2035.5	0.170853	0.829147	1.48837e-007	0.105681	0.89395	0.000368809
2035.63	0.17052	0.82948	1.39431e-007	0.105504	0.89413	0.000365738
2035.75	0.170183	0.829817	1.30619e-007	0.105325	0.894312	0.000362693
2035.88	0.169843	0.830157	1.22363e-007	0.105145	0.894495	0.000359673
2036	0.169499	0.830501	1.14628e-007	0.104964	0.894679	0.000356679
2036.13	0.169151	0.830849	1.07382e-007	0.104781	0.894865	0.000353709
2036.25	0.168799	0.831201	1.00594e-007	0.104597	0.895052	0.000350764
2036.38	0.168443	0.831557	9.42343e-008	0.104411	0.895241	0.000347844
2036.5	0.168084	0.831916	8.82764e-008	0.104224	0.895431	0.000344948
2036.63	0.16772	0.83228	8.26949e-008	0.104036	0.895622	0.000342076
2036.75	0.167353	0.832647	7.74661e-008	0.103846	0.895815	0.000339228
2036.88	0.166982	0.833018	7.25676e-008	0.103655	0.896009	0.000336403
2037	0.166607	0.833393	6.79787e-008	0.103462	0.896205	0.000333602
2037.13	0.166228	0.833772	6.36798e-008	0.103267	0.896402	0.000330825
2037.25	0.165845	0.834155	5.96526e-008	0.103071	0.8966	0.00032807
2037.38	0.165458	0.834541	5.58799e-008	0.102874	0.896801	0.000325339
2037.5	0.165068	0.834932	5.23457e-008	0.102675	0.897002	0.00032263
2037.63	0.164674	0.835326	4.90349e-008	0.102475	0.897205	0.000319944
2037.75	0.164276	0.835724	4.59334e-008	0.102273	0.89741	0.00031728
2037.88	0.163874	0.836126	4.30279e-008	0.10207	0.897616	0.000314638
2038	0.163469	0.836531	4.03062e-008	0.101865	0.897823	0.000312019
2038.13	0.16306	0.83694	3.77566e-008	0.101658	0.898032	0.000309421
2038.25	0.162647	0.837353	3.53681e-008	0.10145	0.898243	0.000306845
2038.38	0.162231	0.837769	3.31307e-008	0.101241	0.898455	0.00030429
2038.5	0.16181	0.83819	3.10348e-008	0.10103	0.898668	0.000301756
2038.63	0.161387	0.838613	2.90715e-008	0.100818	0.898883	0.000299244
2038.75	0.160959	0.839041	2.72323e-008	0.100604	0.8991	0.000296752
2038.88	0.160528	0.839472	2.55094e-008	0.100388	0.899318	0.000294282
2039	0.160094	0.839906	2.38955e-008	0.100171	0.899537	0.000291831
2039.13	0.159656	0.840344	2.23836e-008	0.0999523	0.899758	0.000289402
2039.25	0.159215	0.840785	2.09674e-008	0.0997322	0.899981	0.000286992
2039.38	0.15877	0.84123	1.96408e-008	0.0995105	0.900205	0.000284602
2039.5	0.158322	0.841678	1.83981e-008	0.0992874	0.90043	0.000282233
2039.63	0.15787	0.84213	1.7234e-008	0.0990627	0.900657	0.000279883
2039.75	0.157416	0.842584	1.61435e-008	0.0988366	0.900886	0.000277553
2039.88	0.156958	0.843042	1.5122e-008	0.0986089	0.901116	0.000275242
2040	0.156497	0.843503	1.41652e-008	0.0983798	0.901347	0.00027295
2040.13	0.156032	0.843968	1.32688e-008	0.0981492	0.90158	0.000270677
2040.25	0.155565	0.844435	1.24292e-008	0.0979171	0.901815	0.000268424
2040.38	0.155095	0.844905	1.16427e-008	0.0976835	0.90205	0.000266189
2040.5	0.154621	0.845379	1.0906e-008	0.0974485	0.902288	0.000263972
2040.63	0.154145	0.845855	1.02159e-008	0.097212	0.902526	0.000261775
2040.75	0.153666	0.846334	9.56941e-009	0.0969741	0.902766	0.000259595
2040.88	0.153184	0.846816	8.96385e-009	0.0967347	0.903008	0.000257434
2041	0.152699	0.847301	8.39661e-009	0.096494	0.903251	0.00025529
2041.13	0.152212	0.847788	7.86526e-009	0.0962518	0.903495	0.000253165
2041.25	0.151722	0.848278	7.36754e-009	0.0960083	0.903741	0.000251057
2041.38	0.15123	0.84877	6.90131e-009	0.0957633	0.903988	0.000248966
2041.5	0.150735	0.849265	6.46457e-009	0.095517	0.904236	0.000246893
2041.63	0.150238	0.849762	6.05548e-009	0.0952694	0.904486	0.000244838
2041.75	0.149738	0.850262	5.67227e-009	0.0950204	0.904737	0.000242799
2041.88	0.149236	0.850764	5.31331e-009	0.0947701	0.904989	0.000240778
2042	0.148732	0.851268	4.97707e-009	0.0945185	0.905243	0.000238773
2042.13	0.148226	0.851774	4.6621e-009	0.0942656	0.905498	0.000236785
2042.25	0.147717	0.852283	4.36707e-009	0.0940115	0.905754	0.000234813
2042.38	0.147207	0.852793	4.0907e-009	0.093756	0.906011	0.000232858
2042.5	0.146695	0.853305	3.83183e-009	0.0934994	0.90627	0.000230919
2042.63	0.146181	0.853819	3.58933e-009	0.0932415	0.906529	0.000228997
2042.75	0.145665	0.854335	3.36219e-009	0.0929824	0.90679	0.00022709
2042.88	0.145148	0.854852	3.14941e-009	0.0927222	0.907053	0.000225199
2043	0.144629	0.855371	2.95011e-009	0.0924608	0.907316	0.000223324
2043.13	0.144108	0.855892	2.76341e-009	0.0921982	0.90758	0.000221465
2043.25	0.143586	0.856414	2.58853e-009	0.0919345	0.907846	0.000219621
2043.38	0.143062	0.856938	2.42472e-009	0.0916698	0.908112	0.000217792
2043.5	0.142538	0.857462	2.27127e-009	0.0914039	0.90838	0.000215979
2043.63	0.142012	0.857988	2.12754e-009	0.091137	0.908649	0.00021418
2043.75	0.141484	0.858516	1.9929e-009	0.090869	0.908919	0.000212397
2043.88	0.140956	0.859044	1.86678e-009	0.0906	0.909189	0.000210628
2044	0.140427	0.859573	1.74865e-009	0.0903301	0.909461	0.000208875
2044.13	0.139897	0.860103	1.63798e-009	0.0900591	0.909734	0.000207136
2044.25	0.139366	0.860634	1.53433e-009	0.0897872	0.910007	0.000205411
2044.38	0.138834	0.861166	1.43723e-009	0.0895144	0.910282	0.000203701
2044.5	0.138301	0.861699	1.34628e-009	0.0892407	0.910557	0.000202004
2044.63	0.137768	0.862232	1.26108e-009	0.088966	0.910834	0.000200322
2044.75	0.137234	0.862766	1.18128e-009	0.0886905	0.911111	0.000198655
2044.88	0.1367	0.8633	1.10653e-009	0.0884142	0.911389	0.000197
2045	0.136165	0.863835	1.0365e-009	0.0881371	0.911668	0.00019536
2045.13	0.13563	0.86437	9.70911e-010	0.0878591	0.911947	0.000193734
2045.25	0.135095	0.864905	9.0947e-010	0.0875804	0.912227	0.00019212
2045.38	0.134559	0.865441	8.51918e-010	0.0873009	0.912509	0.000190521
2045.5	0.134023	0.865977	7.98008e-010	0.0870207	0.91279	0.000188934
2045.63	0.133487	0.866513	7.4751e-010	0.0867398	0.913073	0.000187361
2045.75	0.132951	0.867049	7.00207e-010	0.0864582	0.913356	0.000185801
2045.88	0.132415	0.867585	6.55898e-010	0.086176	0.91364	0.000184254
2046	0.131879	0.868121	6.14393e-010	0.0858931	0.913924	0.00018272
2046.13	0.131344	0.868656	5.75515e-010	0.0856096	0.914209	0.000181199
2046.25	0.130808	0.869192	5.39097e-010	0.0853255	0.914495	0.00017969
2046.38	0.130273	0.869727	5.04984e-010	0.0850408	0.914781	0.000178194
2046.5	0.129737	0.870263	4.73029e-010	0.0847555	0.915068	0.00017671
2046.63	0.129203	0.870797	4.43097e-010	0.0844697	0.915355	0.000175239
2046.75	0.128668	0.871332	4.15059e-010	0.0841834	0.915643	0.00017378
2046.88	0.128134	0.871866	3.88796e-010	0.0838967	0.915931	0.000172333
2047	0.127601	0.872399	3.64194e-010	0.0836094	0.91622	0.000170898
2047.13	0.127068	0.872932	3.41149e-010	0.0833217	0.916509	0.000169475
2047.25	0.126536	0.873464	3.19563e-010	0.0830335	0.916798	0.000168064
2047.38	0.126004	0.873996	2.99342e-010	0.0827449	0.917088	0.000166664
2047.5	0.125473	0.874527	2.80401e-010	0.082456	0.917379	0.000165276
2047.63	0.124942	0.875058	2.62659e-010	0.0821666	0.917669	0.0001639
2047.75	0.124413	0.875587	2.4604e-010	0.0818769	0.917961	0.000162536
2047.88	0.123884	0.876116	2.30472e-010	0.0815868	0.918252	0.000161182
2048	0.123356	0.876644	2.15889e-010	0.0812964	0.918544	0.00015984
2048.13	0.122828	0.877172	2.02229e-010	0.0810057	0.918836	0.000158509
2048.25	0.122302	0.877698	1.89434e-010	0.0807147	0.919128	0.000157189
2048.38	0.121776	0.878224	1.77448e-010	0.0804235	0.919421	0.000155881
2048.5	0.121251	0.878749	1.66221e-010	0.0801319	0.919713	0.000154583
2048.63	0.120728	0.879272	1.55704e-010	0.0798401	0.920007	0.000153295
2048.75	0.120205	0.879795	1.45852e-010	0.0795481	0.9203	0.000152019
2048.88	0.119683	0.880317	1.36624e-010	0.0792559	0.920593	0.000150753
2049	0.119162	0.880838	1.2798e-010	0.0789634	0.920887	0.000149498
2049.13	0.118642	0.881358	1.19883e-010	0.0786708	0.921181	0.000148253
2049.25	0.118123	0.881877	1.12298e-010	0.0783779	0.921475	0.000147019
2049.38	0.117605	0.882395	1.05193e-010	0.0780849	0.921769	0.000145795
2049.5	0.117088	0.882912	9.85379e-011	0.0777918	0.922064	0.000144581
2049.63	0.116572	0.883428	9.23037e-011	0.0774985	0.922358	0.000143377
2049.75	0.116057	0.883943	8.6464e-011	0.077205	0.922653	0.000142183
2049.88	0.115543	0.884457	8.09938e-011	0.0769114	0.922948	0.000140999
2050	0.11503	0.88497	7.58697e-011	0.0766177	0.923242	0.000139825
