Time	Trip Fraction[public transport]	Trip Fraction[regular car]	Trip Fraction[electric car]	Owner Fraction[public transport]	Owner Fraction[regular car]	Owner Fraction[electric car]
2010	0.239378	0.760622	0	0.160822	0.839178	0
2010.13	0.239378	0.760622	0	0.160822	0.839178	0
2010.25	0.236817	0.763183	0	0.159912	0.840088	0
2010.38	0.234394	0.765606	0	0.159018	0.840982	0
2010.5	0.232113	0.767887	0	0.158143	0.841857	0
2010.63	0.229965	0.770036	0	0.157288	0.842712	0
2010.75	0.227941	0.772059	0	0.156452	0.843548	0
2010.88	0.226034	0.773966	0	0.155634	0.844366	0
2011	0.224236	0.775764	0	0.154833	0.845167	0
2011.13	0.222542	0.777458	0	0.154049	0.845951	0
2011.25	0.220943	0.779057	0	0.153282	0.846718	0
2011.38	0.219435	0.780565	0	0.152531	0.847469	0
2011.5	0.218011	0.781989	0	0.151796	0.848204	0
2011.63	0.216667	0.783333	0	0.151076	0.848924	0
2011.75	0.215398	0.784602	0	0.150372	0.849628	0
2011.88	0.214198	0.785802	0	0.149681	0.850319	0
2012	0.213064	0.786936	0	0.149005	0.850995	0
2012.13	0.211991	0.788009	0	0.148343	0.851657	0
2012.25	0.212004	0.787996	0	0.147694	0.852306	0
2012.38	0.212115	0.787885	0	0.147074	0.852926	0
2012.5	0.212312	0.787688	0	0.14648	0.85352	0
2012.63	0.212593	0.787407	0	0.145913	0.854087	0
2012.75	0.212952	0.787048	0	0.145369	0.854618	1.3536e-005
2012.88	0.213387	0.786613	1.53304e-007	0.144849	0.855112	3.92843e-005
2013	0.213896	0.786103	7.60821e-007	0.144352	0.85557	7.79936e-005
2013.13	0.214476	0.785521	2.2394e-006	0.143878	0.855992	0.000130018
2013.25	0.215126	0.784869	5.07949e-006	0.143427	0.856378	0.000195389
2013.38	0.215844	0.784147	9.80655e-006	0.142998	0.856728	0.00027389
2013.5	0.216627	0.783356	1.69501e-005	0.142593	0.857042	0.000365121
2013.63	0.217476	0.782497	2.70205e-005	0.14221	0.857322	0.000468546
2013.75	0.218389	0.781571	4.04927e-005	0.14185	0.857567	0.00058353
2013.88	0.219364	0.780578	5.7795e-005	0.141512	0.857778	0.000709366
2014	0.220402	0.779518	7.9302e-005	0.141198	0.857956	0.000845302
2014.13	0.221502	0.778393	0.000105331	0.140907	0.858102	0.000990563
2014.25	0.222663	0.777201	0.000136142	0.14064	0.858216	0.00114436
2014.38	0.223884	0.775944	0.000171933	0.140396	0.858298	0.00130591
2014.5	0.225166	0.774622	0.000212851	0.140176	0.85835	0.00147443
2014.63	0.226507	0.773234	0.000258985	0.139979	0.858372	0.00164919
2014.75	0.227907	0.771783	0.000310374	0.139807	0.858364	0.00182946
2014.88	0.229366	0.770267	0.000367013	0.139659	0.858327	0.00201455
2015	0.230883	0.768688	0.000428853	0.139535	0.858261	0.00220381
2015.13	0.232458	0.767046	0.000495805	0.139435	0.858168	0.00239663
2015.25	0.23409	0.765343	0.000567747	0.13936	0.858048	0.00259245
2015.38	0.235777	0.763578	0.000644529	0.139309	0.8579	0.00279073
2015.5	0.23752	0.761754	0.000725971	0.139283	0.857726	0.002991
2015.63	0.239316	0.759872	0.000811873	0.139281	0.857526	0.00319282
2015.75	0.241166	0.757932	0.000902016	0.139303	0.857301	0.00339577
2015.88	0.243067	0.755937	0.000996166	0.139349	0.857051	0.00359952
2016	0.245018	0.753888	0.00109407	0.139419	0.856777	0.00380372
2016.13	0.247018	0.751787	0.00119549	0.139513	0.856479	0.0040081
2016.25	0.248998	0.749702	0.00130061	0.139621	0.856166	0.00421273
2016.38	0.250961	0.74763	0.00140919	0.139743	0.85584	0.00441738
2016.5	0.252912	0.745567	0.00152094	0.139879	0.8555	0.00462185
2016.63	0.254854	0.743511	0.0016356	0.140029	0.855145	0.00482596
2016.75	0.256789	0.741458	0.00175289	0.140193	0.854777	0.00502957
2016.88	0.258722	0.739406	0.00187253	0.140372	0.854395	0.00523255
2017	0.260653	0.737352	0.00199426	0.140566	0.853999	0.00543479
2017.13	0.262586	0.735296	0.0021178	0.140774	0.85359	0.0056362
2017.25	0.264521	0.733236	0.00224291	0.140996	0.853167	0.0058367
2017.38	0.266461	0.73117	0.00236931	0.141233	0.852731	0.00603625
2017.5	0.268411	0.729093	0.00249673	0.141485	0.852281	0.00623476
2017.63	0.270391	0.726984	0.00262473	0.141755	0.851813	0.00643207
2017.75	0.272403	0.724844	0.00275306	0.142045	0.851327	0.00662814
2017.88	0.274447	0.722671	0.00288149	0.142353	0.850824	0.00682296
2018	0.276523	0.720467	0.00300979	0.14268	0.850304	0.00701652
2018.13	0.278631	0.718231	0.00313775	0.143025	0.849766	0.0072088
2018.25	0.280772	0.715963	0.00326515	0.143389	0.849211	0.0073998
2018.38	0.282944	0.713664	0.00339179	0.143772	0.848639	0.00758953
2018.5	0.285149	0.711334	0.00351749	0.144172	0.84805	0.007778
2018.63	0.287385	0.708973	0.00364207	0.144591	0.847444	0.00796521
2018.75	0.289653	0.706582	0.00376536	0.145028	0.846821	0.00815117
2018.88	0.291951	0.704162	0.0038872	0.145482	0.846182	0.00833589
2019	0.294279	0.701713	0.00400743	0.145954	0.845526	0.0085194
2019.13	0.296637	0.699237	0.00412592	0.146444	0.844854	0.0087017
2019.25	0.299024	0.696733	0.00424254	0.146951	0.844167	0.0088828
2019.38	0.301439	0.694204	0.00435716	0.147474	0.843463	0.00906274
2019.5	0.303882	0.691649	0.00446968	0.148015	0.842744	0.00924151
2019.63	0.30635	0.68907	0.00457998	0.148572	0.842009	0.00941914
2019.75	0.308844	0.686468	0.00468798	0.149145	0.84126	0.00959564
2019.88	0.311363	0.683843	0.00479359	0.149734	0.840495	0.00977102
2020	0.313905	0.681198	0.00489673	0.150339	0.839716	0.0099453
2020.13	0.316469	0.678533	0.00499734	0.150959	0.838922	0.0101185
2020.25	0.319055	0.675849	0.00509534	0.151595	0.838115	0.0102906
2020.38	0.321661	0.673148	0.00519071	0.152245	0.837294	0.0104616
2020.5	0.324286	0.670431	0.00528337	0.15291	0.836459	0.0106316
2020.63	0.326929	0.667698	0.00537331	0.153589	0.835611	0.0108005
2020.75	0.329588	0.664951	0.0054605	0.154282	0.83475	0.0109684
2020.88	0.332263	0.662192	0.0055449	0.154988	0.833876	0.0111353
2021	0.334953	0.659421	0.00562651	0.155708	0.832991	0.0113011
2021.13	0.337655	0.65664	0.00570532	0.156441	0.832093	0.011466
2021.25	0.340369	0.65385	0.00578133	0.157186	0.831184	0.0116298
2021.38	0.343094	0.651052	0.00585454	0.157944	0.830264	0.0117926
2021.5	0.345828	0.648247	0.00592497	0.158714	0.829332	0.0119544
2021.63	0.34857	0.645437	0.00599263	0.159495	0.82839	0.0121152
2021.75	0.351319	0.642623	0.00605755	0.160287	0.827438	0.012275
2021.88	0.354074	0.639806	0.00611976	0.161091	0.826476	0.0124338
2022	0.356833	0.636987	0.00617928	0.161905	0.825504	0.0125917
2022.13	0.359596	0.634168	0.00623617	0.162729	0.824523	0.0127485
2022.25	0.362361	0.631349	0.00629046	0.163563	0.823533	0.0129044
2022.38	0.365127	0.628531	0.0063422	0.164407	0.822534	0.0130593
2022.5	0.367892	0.625716	0.00639144	0.165259	0.821527	0.0132132
2022.63	0.370657	0.622905	0.00643824	0.166121	0.820513	0.0133662
2022.75	0.373419	0.620098	0.00648266	0.166991	0.819491	0.0135182
2022.88	0.376177	0.617298	0.00652475	0.167869	0.818461	0.0136692
2023	0.378932	0.614504	0.00656459	0.168756	0.817425	0.0138193
2023.13	0.38168	0.611718	0.00660223	0.169649	0.816382	0.0139684
2023.25	0.384422	0.60894	0.00663776	0.17055	0.815333	0.0141166
2023.38	0.387157	0.606172	0.00667123	0.171457	0.814279	0.0142638
2023.5	0.389883	0.603414	0.00670272	0.172371	0.813218	0.0144101
2023.63	0.3926	0.600668	0.00673231	0.173292	0.812153	0.0145554
2023.75	0.395307	0.597933	0.00676007	0.174218	0.811083	0.0146997
2023.88	0.398003	0.595211	0.00678607	0.175149	0.810008	0.0148432
2024	0.400686	0.592503	0.00681039	0.176086	0.808929	0.0149857
2024.13	0.403357	0.58981	0.00683311	0.177027	0.807846	0.0151272
2024.25	0.406015	0.587131	0.00685429	0.177973	0.806759	0.0152679
2024.38	0.408659	0.584467	0.00687403	0.178924	0.805669	0.0154076
2024.5	0.411287	0.58182	0.00689238	0.179878	0.804576	0.0155464
2024.63	0.4139	0.57919	0.00690943	0.180836	0.80348	0.0156842
2024.75	0.416497	0.576577	0.00692526	0.181797	0.802382	0.0158212
2024.88	0.419078	0.573982	0.00693992	0.182762	0.801281	0.0159572
2025	0.421641	0.571406	0.0069535	0.183729	0.800179	0.0160924
2025.13	0.424186	0.568848	0.00696606	0.184698	0.799075	0.0162266
2025.25	0.426713	0.56631	0.00697767	0.18567	0.79797	0.01636
2025.38	0.429221	0.563791	0.0069884	0.186644	0.796863	0.0164925
2025.5	0.431709	0.561292	0.00699832	0.18762	0.795756	0.016624
2025.63	0.434178	0.558814	0.00700748	0.188597	0.794649	0.0167547
2025.75	0.436627	0.556357	0.00701596	0.189575	0.793541	0.0168846
2025.88	0.439056	0.55392	0.0070238	0.190554	0.792432	0.0170135
2026	0.441464	0.551505	0.00703107	0.191534	0.791325	0.0171416
2026.13	0.44385	0.549112	0.00703783	0.192514	0.790217	0.0172688
2026.25	0.446216	0.54674	0.00704412	0.193495	0.78911	0.0173952
2026.38	0.448559	0.54439	0.00705	0.194475	0.788004	0.0175208
2026.5	0.450881	0.542063	0.00705552	0.195456	0.786899	0.0176454
2026.63	0.453181	0.539758	0.00706072	0.196436	0.785795	0.0177693
2026.75	0.455459	0.537475	0.00706566	0.197415	0.784693	0.0178923
2026.88	0.457714	0.535215	0.00707037	0.198393	0.783592	0.0180145
2027	0.459947	0.532978	0.00707489	0.199371	0.782493	0.0181359
2027.13	0.462158	0.530763	0.00707927	0.200347	0.781396	0.0182565
2027.25	0.464345	0.528571	0.00708355	0.201322	0.780302	0.0183763
2027.38	0.46651	0.526402	0.00708775	0.202295	0.77921	0.0184952
2027.5	0.468652	0.524256	0.00709191	0.203267	0.77812	0.0186134
2027.63	0.470771	0.522133	0.00709606	0.204236	0.777033	0.0187308
2027.75	0.472867	0.520033	0.00710023	0.205203	0.775949	0.0188474
2027.88	0.47494	0.517955	0.00710445	0.206168	0.774868	0.0189632
2028	0.476991	0.515901	0.00710875	0.207131	0.773791	0.0190783
2028.13	0.479018	0.513869	0.00711314	0.208091	0.772716	0.0191926
2028.25	0.481023	0.511859	0.00711766	0.209048	0.771646	0.0193061
2028.38	0.483005	0.509873	0.00712231	0.210003	0.770579	0.0194189
2028.5	0.484964	0.507909	0.00712713	0.210954	0.769515	0.0195309
2028.63	0.486901	0.505967	0.00713212	0.211902	0.768456	0.0196422
2028.75	0.488815	0.504047	0.00713731	0.212847	0.7674	0.0197528
2028.88	0.490707	0.50215	0.00714271	0.213789	0.766349	0.0198626
2029	0.492577	0.500275	0.00714833	0.214726	0.765302	0.0199717
2029.13	0.494424	0.498422	0.00715418	0.215661	0.764259	0.0200801
2029.25	0.496249	0.49659	0.00716028	0.216591	0.763221	0.0201877
2029.38	0.498053	0.49478	0.00716663	0.217518	0.762187	0.0202947
2029.5	0.499835	0.492992	0.00717325	0.218441	0.761159	0.020401
2029.63	0.501595	0.491225	0.00718013	0.219359	0.760134	0.0205065
2029.75	0.503334	0.489479	0.0071873	0.220273	0.759115	0.0206114
2029.88	0.505051	0.487754	0.00719474	0.221184	0.758101	0.0207156
2030	0.506748	0.486049	0.00720248	0.222089	0.757092	0.0208191
2030.13	0.508424	0.484366	0.0072105	0.222991	0.756087	0.0209219
2030.25	0.510079	0.482702	0.00721882	0.223887	0.755088	0.0210241
2030.38	0.511714	0.481059	0.00722743	0.22478	0.754095	0.0211256
2030.5	0.513328	0.479436	0.00723635	0.225667	0.753106	0.0212264
2030.63	0.514922	0.477832	0.00724556	0.22655	0.752123	0.0213266
2030.75	0.516497	0.476248	0.00725506	0.227428	0.751146	0.0214261
2030.88	0.518051	0.474684	0.00726487	0.228301	0.750174	0.021525
2031	0.519587	0.473138	0.00727498	0.229169	0.749208	0.0216232
2031.13	0.521103	0.471612	0.00728537	0.230032	0.748247	0.0217209
2031.25	0.5226	0.470104	0.00729607	0.23089	0.747292	0.0218178
2031.38	0.524079	0.468614	0.00730705	0.231743	0.746342	0.0219142
2031.5	0.525538	0.467143	0.00731832	0.232591	0.745399	0.0220099
2031.63	0.52698	0.46569	0.00732988	0.233434	0.744461	0.0221051
2031.75	0.528403	0.464255	0.00734172	0.234271	0.743529	0.0221996
2031.88	0.529809	0.462837	0.00735384	0.235104	0.742603	0.0222935
2032	0.531197	0.461437	0.00736623	0.23593	0.741683	0.0223868
2032.13	0.532567	0.460054	0.00737889	0.236752	0.740769	0.0224795
2032.25	0.533921	0.458688	0.00739182	0.237568	0.73986	0.0225716
2032.38	0.535257	0.457338	0.007405	0.238379	0.738958	0.0226632
2032.5	0.536576	0.456005	0.00741844	0.239184	0.738062	0.0227541
2032.63	0.537879	0.454688	0.00743213	0.239984	0.737172	0.0228445
2032.75	0.539166	0.453388	0.00744606	0.240778	0.736288	0.0229343
2032.88	0.540437	0.452103	0.00746024	0.241567	0.73541	0.0230235
2033	0.541692	0.450834	0.00747464	0.24235	0.734538	0.0231122
2033.13	0.542931	0.44958	0.00748928	0.243128	0.733672	0.0232003
2033.25	0.544155	0.448341	0.00750414	0.2439	0.732813	0.0232878
2033.38	0.545363	0.447118	0.00751921	0.244666	0.731959	0.0233748
2033.5	0.546557	0.445909	0.00753449	0.245427	0.731112	0.0234612
2033.63	0.547736	0.444715	0.00754998	0.246182	0.73027	0.0235471
2033.75	0.5489	0.443535	0.00756567	0.246932	0.729435	0.0236325
2033.88	0.55005	0.442369	0.00758155	0.247676	0.728606	0.0237173
2034	0.551186	0.441217	0.00759762	0.248415	0.727784	0.0238015
2034.13	0.552307	0.440079	0.00761386	0.249148	0.726967	0.0238853
2034.25	0.553416	0.438954	0.00763029	0.249875	0.726157	0.0239685
2034.38	0.55451	0.437843	0.00764688	0.250597	0.725352	0.0240512
2034.5	0.555592	0.436744	0.00766364	0.251313	0.724554	0.0241333
2034.63	0.55666	0.435659	0.00768055	0.252023	0.723762	0.024215
2034.75	0.557716	0.434587	0.00769762	0.252728	0.722976	0.0242961
2034.88	0.558758	0.433527	0.00771483	0.253427	0.722196	0.0243767
2035	0.559789	0.432479	0.00773218	0.254121	0.721422	0.0244569
2035.13	0.560807	0.431444	0.00774967	0.254809	0.720655	0.0245365
2035.25	0.561812	0.43042	0.00776729	0.255491	0.719893	0.0246156
2035.38	0.562806	0.429409	0.00778503	0.256168	0.719138	0.0246942
2035.5	0.563788	0.428409	0.00780289	0.256839	0.718388	0.0247724
2035.63	0.564759	0.42742	0.00782087	0.257505	0.717645	0.02485
2035.75	0.565718	0.426443	0.00783895	0.258165	0.716908	0.0249272
2035.88	0.566666	0.425477	0.00785714	0.25882	0.716176	0.0250039
2036	0.567603	0.424521	0.00787543	0.259469	0.715451	0.0250801
2036.13	0.568529	0.423577	0.00789381	0.260113	0.714731	0.0251558
2036.25	0.569445	0.422643	0.00791227	0.260751	0.714018	0.025231
2036.38	0.57035	0.42172	0.00793083	0.261384	0.71331	0.0253058
2036.5	0.571244	0.420806	0.00794946	0.262011	0.712608	0.0253801
2036.63	0.572128	0.419903	0.00796816	0.262633	0.711913	0.025454
2036.75	0.573003	0.41901	0.00798694	0.26325	0.711223	0.0255274
2036.88	0.573867	0.418127	0.00800578	0.263861	0.710538	0.0256003
2037	0.574722	0.417253	0.00802468	0.264467	0.70986	0.0256728
2037.13	0.575567	0.416389	0.00804364	0.265068	0.709187	0.0257448
2037.25	0.576403	0.415534	0.00806266	0.265663	0.70852	0.0258164
2037.38	0.577229	0.414689	0.00808172	0.266253	0.707859	0.0258875
2037.5	0.578047	0.413852	0.00810083	0.266838	0.707204	0.0259582
2037.63	0.578855	0.413025	0.00811998	0.267417	0.706554	0.0260285
2037.75	0.579655	0.412206	0.00813916	0.267992	0.70591	0.0260983
2037.88	0.580446	0.411396	0.00815838	0.268561	0.705271	0.0261677
2038	0.581228	0.410594	0.00817763	0.269125	0.704638	0.0262367
2038.13	0.582003	0.409801	0.00819691	0.269684	0.704011	0.0263052
2038.25	0.582768	0.409016	0.00821621	0.270238	0.703389	0.0263733
2038.38	0.583526	0.408239	0.00823553	0.270787	0.702772	0.026441
2038.5	0.584275	0.40747	0.00825487	0.27133	0.702161	0.0265082
2038.63	0.585017	0.406709	0.00827422	0.271869	0.701556	0.026575
2038.75	0.585751	0.405955	0.00829358	0.272403	0.700956	0.0266415
2038.88	0.586477	0.40521	0.00831295	0.272932	0.700361	0.0267075
2039	0.587196	0.404471	0.00833232	0.273456	0.699771	0.0267731
2039.13	0.587908	0.403741	0.00835169	0.273975	0.699187	0.0268383
2039.25	0.588612	0.403017	0.00837107	0.274489	0.698608	0.0269031
2039.38	0.589309	0.402301	0.00839044	0.274998	0.698034	0.0269675
2039.5	0.589999	0.401591	0.0084098	0.275503	0.697465	0.0270315
2039.63	0.590682	0.400889	0.00842916	0.276003	0.696902	0.027095
2039.75	0.591358	0.400194	0.0084485	0.276498	0.696344	0.0271582
2039.88	0.592027	0.399505	0.00846783	0.276988	0.695791	0.0272211
2040	0.59269	0.398823	0.00848715	0.277474	0.695242	0.0272835
2040.13	0.593347	0.398147	0.00850644	0.277955	0.694699	0.0273455
2040.25	0.594013	0.397478	0.00850954	0.278442	0.694174	0.0273838
2040.38	0.59469	0.396815	0.00849495	0.278933	0.693667	0.0274003
2040.5	0.595378	0.39616	0.00846177	0.279428	0.693175	0.0273967
2040.63	0.596078	0.395512	0.00840956	0.279926	0.692699	0.0273746
2040.75	0.59679	0.394872	0.00833834	0.280427	0.692237	0.0273356
2040.88	0.597513	0.394239	0.00824852	0.28093	0.691789	0.0272812
2041	0.598245	0.393614	0.00814083	0.281434	0.691353	0.0272126
2041.13	0.598987	0.392997	0.00801624	0.281939	0.69093	0.0271311
2041.25	0.599737	0.392388	0.00787594	0.282445	0.690517	0.027038
2041.38	0.600493	0.391786	0.00772129	0.28295	0.690116	0.0269342
2041.5	0.601254	0.391193	0.00755371	0.283455	0.689724	0.0268208
2041.63	0.602018	0.390607	0.00737471	0.283959	0.689342	0.0266988
2041.75	0.602785	0.390029	0.00718584	0.284462	0.688969	0.026569
2041.88	0.603553	0.389459	0.0069886	0.284964	0.688604	0.0264322
2042	0.604319	0.388896	0.00678451	0.285463	0.688247	0.0262892
2042.13	0.605084	0.388341	0.00657499	0.285961	0.687898	0.0261405
2042.25	0.605846	0.387793	0.00636143	0.286457	0.687557	0.0259869
2042.38	0.606603	0.387252	0.00614512	0.28695	0.687222	0.0258289
2042.5	0.607354	0.386719	0.00592727	0.28744	0.686893	0.0256671
2042.63	0.608099	0.386192	0.00570898	0.287927	0.686571	0.0255018
2042.75	0.608837	0.385672	0.00549127	0.288412	0.686255	0.0253336
2042.88	0.609567	0.385158	0.00527505	0.288893	0.685944	0.0251629
2043	0.610287	0.384652	0.00506114	0.289371	0.685639	0.02499
2043.13	0.610999	0.384151	0.00485026	0.289845	0.685339	0.0248152
2043.25	0.6117	0.383657	0.00464304	0.290316	0.685045	0.024639
2043.38	0.612392	0.383168	0.00444002	0.290784	0.684755	0.0244614
2043.5	0.613073	0.382686	0.00424166	0.291248	0.684469	0.0242828
2043.63	0.613743	0.382209	0.00404835	0.291708	0.684188	0.0241035
2043.75	0.614402	0.381738	0.0038604	0.292165	0.683912	0.0239236
2043.88	0.61505	0.381272	0.00367806	0.292617	0.68364	0.0237433
2044	0.615687	0.380812	0.00350152	0.293066	0.683371	0.0235628
2044.13	0.616313	0.380357	0.00333092	0.293511	0.683107	0.0233822
2044.25	0.616927	0.379906	0.00316634	0.293952	0.682847	0.0232018
2044.38	0.617531	0.379461	0.00300783	0.294389	0.68259	0.0230215
2044.5	0.618124	0.37902	0.0028554	0.294822	0.682337	0.0228416
2044.63	0.618706	0.378585	0.00270902	0.295251	0.682087	0.0226621
2044.75	0.619278	0.378153	0.00256865	0.295676	0.681841	0.0224831
2044.88	0.61984	0.377726	0.00243419	0.296097	0.681598	0.0223047
2045	0.620391	0.377303	0.00230556	0.296514	0.681359	0.022127
2045.13	0.620932	0.376885	0.00218263	0.296928	0.681122	0.0219501
2045.25	0.621464	0.37647	0.00206527	0.297337	0.680889	0.0217739
2045.38	0.621987	0.37606	0.00195334	0.297742	0.680659	0.0215986
2045.5	0.6225	0.375653	0.00184668	0.298144	0.680432	0.0214243
2045.63	0.623004	0.37525	0.00174513	0.298541	0.680208	0.0212509
2045.75	0.6235	0.374851	0.00164852	0.298935	0.679987	0.0210784
2045.88	0.623988	0.374456	0.00155669	0.299325	0.679768	0.020907
2046	0.624467	0.374063	0.00146945	0.299711	0.679553	0.0207367
2046.13	0.624939	0.373675	0.00138664	0.300093	0.67934	0.0205674
2046.25	0.625403	0.373289	0.00130808	0.300471	0.67913	0.0203992
2046.38	0.625859	0.372907	0.0012336	0.300845	0.678923	0.0202322
2046.5	0.626309	0.372528	0.00116301	0.301216	0.678718	0.0200663
2046.63	0.626752	0.372152	0.00109617	0.301583	0.678516	0.0199015
2046.75	0.627188	0.371779	0.00103289	0.301946	0.678316	0.0197379
2046.88	0.627618	0.371409	0.000973029	0.302305	0.678119	0.0195754
2047	0.628041	0.371042	0.000916413	0.302661	0.677925	0.0194142
2047.13	0.628459	0.370678	0.000862895	0.303014	0.677732	0.0192541
2047.25	0.628871	0.370316	0.000812326	0.303362	0.677543	0.0190952
2047.38	0.629278	0.369957	0.000764561	0.303707	0.677355	0.0189375
2047.5	0.629679	0.369601	0.000719462	0.304049	0.67717	0.018781
2047.63	0.630076	0.369247	0.000676895	0.304387	0.676988	0.0186257
2047.75	0.630467	0.368896	0.000636731	0.304721	0.676807	0.0184716
2047.88	0.630854	0.368547	0.000598847	0.305052	0.676629	0.0183187
2048	0.631236	0.368201	0.000563123	0.30538	0.676453	0.0181669
2048.13	0.631613	0.367857	0.000529448	0.305704	0.67628	0.0180164
2048.25	0.631987	0.367516	0.00049771	0.306025	0.676108	0.017867
2048.38	0.632356	0.367176	0.000467808	0.306342	0.675939	0.0177189
2048.5	0.632721	0.366839	0.000439642	0.306656	0.675772	0.0175719
2048.63	0.633083	0.366504	0.000413117	0.306967	0.675607	0.0174261
2048.75	0.633441	0.366171	0.000388143	0.307275	0.675444	0.0172814
2048.88	0.633795	0.36584	0.000364635	0.307579	0.675283	0.0171379
2049	0.634146	0.365511	0.00034251	0.30788	0.675124	0.0169956
2049.13	0.634494	0.365184	0.000321693	0.308179	0.674967	0.0168544
2049.25	0.634838	0.36486	0.000302109	0.308473	0.674812	0.0167144
2049.38	0.63518	0.364537	0.000283688	0.308765	0.674659	0.0165755
2049.5	0.635518	0.364216	0.000266365	0.309054	0.674508	0.0164377
2049.63	0.635853	0.363896	0.000250076	0.30934	0.674359	0.0163011
2049.75	0.636186	0.363579	0.000234762	0.309623	0.674212	0.0161656
2049.88	0.636516	0.363263	0.000220367	0.309902	0.674066	0.0160312
2050	0.636844	0.36295	0.000206838	0.310179	0.673923	0.0158978
