Time	Trip Fraction[public transport]	Trip Fraction[regular car]	Trip Fraction[electric car]	Owner Fraction[public transport]	Owner Fraction[regular car]	Owner Fraction[electric car]
2010	0.239378	0.760622	0	0.160822	0.839178	0
2010.13	0.239378	0.760622	0	0.160822	0.839178	0
2010.25	0.236817	0.763183	0	0.159912	0.840088	0
2010.38	0.234394	0.765606	0	0.159018	0.840982	0
2010.5	0.232113	0.767887	0	0.158143	0.841857	0
2010.63	0.229965	0.770036	0	0.157288	0.842712	0
2010.75	0.227941	0.772059	0	0.156452	0.843548	0
2010.88	0.226034	0.773966	0	0.155634	0.844366	0
2011	0.224236	0.775764	0	0.154833	0.845167	0
2011.13	0.222542	0.777458	0	0.154049	0.845951	0
2011.25	0.220943	0.779057	0	0.153282	0.846718	0
2011.38	0.219435	0.780565	0	0.152531	0.847469	0
2011.5	0.218011	0.781989	0	0.151796	0.848204	0
2011.63	0.216667	0.783333	0	0.151076	0.848924	0
2011.75	0.215398	0.784602	0	0.150372	0.849628	0
2011.88	0.214198	0.785802	0	0.149681	0.850319	0
2012	0.213064	0.786936	0	0.149005	0.850995	0
2012.13	0.211991	0.788009	0	0.148343	0.851657	0
2012.25	0.210977	0.789023	0	0.147694	0.852306	0
2012.38	0.210016	0.789984	0	0.147058	0.852942	0
2012.5	0.209107	0.790893	0	0.146436	0.853564	0
2012.63	0.208245	0.791755	0	0.145825	0.854175	0
2012.75	0.207429	0.792571	0	0.145226	0.854765	8.62914e-006
2012.88	0.206655	0.793345	1.37053e-007	0.144638	0.855337	2.50816e-005
2013	0.205921	0.794079	6.70411e-007	0.14406	0.85589	4.98744e-005
2013.13	0.205225	0.794773	1.94717e-006	0.143493	0.856424	8.32758e-005
2013.25	0.204565	0.795431	4.36399e-006	0.142936	0.856939	0.000125348
2013.38	0.203938	0.796054	8.33606e-006	0.142388	0.857436	0.000175995
2013.5	0.203342	0.796644	1.42743e-005	0.14185	0.857915	0.000235001
2013.63	0.202776	0.797201	2.25697e-005	0.141322	0.858376	0.000302061
2013.75	0.202238	0.797728	3.35831e-005	0.140802	0.858821	0.000376804
2013.88	0.201726	0.798227	4.76383e-005	0.140291	0.85925	0.000458808
2014	0.201238	0.798697	6.50189e-005	0.13979	0.859663	0.000547622
2014.13	0.200772	0.799142	8.59662e-005	0.139297	0.860061	0.000642773
2014.25	0.200329	0.79956	0.000110679	0.138812	0.860444	0.000743777
2014.38	0.199905	0.799955	0.000139316	0.138336	0.860814	0.00085015
2014.5	0.199501	0.800327	0.000171993	0.137868	0.861171	0.000961413
2014.63	0.199114	0.800678	0.000208792	0.137408	0.861515	0.0010771
2014.75	0.198743	0.801007	0.000249758	0.136955	0.861848	0.00119675
2014.88	0.198389	0.801316	0.000294902	0.136511	0.862169	0.00131994
2015	0.198049	0.801607	0.000344208	0.136075	0.862479	0.00144625
2015.13	0.197723	0.80188	0.000397634	0.135646	0.862779	0.00157529
2015.25	0.19741	0.802135	0.00045511	0.135224	0.863069	0.0017067
2015.38	0.197109	0.802374	0.00051655	0.13481	0.86335	0.00184015
2015.5	0.19682	0.802598	0.000581847	0.134403	0.863622	0.00197531
2015.63	0.196541	0.802808	0.00065088	0.134003	0.863885	0.00211191
2015.75	0.196273	0.803003	0.000723515	0.13361	0.864141	0.00224967
2015.88	0.196014	0.803186	0.000799607	0.133223	0.864388	0.00238837
2016	0.195765	0.803356	0.000879001	0.132844	0.864628	0.00252778
2016.13	0.195524	0.803514	0.000961539	0.132471	0.864862	0.00266773
2016.25	0.195291	0.803662	0.00104706	0.132104	0.865088	0.00280803
2016.38	0.195066	0.803798	0.00113539	0.131744	0.865308	0.00294854
2016.5	0.194848	0.803925	0.00122636	0.131389	0.865521	0.00308914
2016.63	0.194637	0.804043	0.00131981	0.131041	0.865729	0.0032297
2016.75	0.194432	0.804152	0.00141556	0.130699	0.865931	0.00337013
2016.88	0.194234	0.804253	0.00151346	0.130363	0.866127	0.00351035
2017	0.194041	0.804346	0.00161334	0.130032	0.866318	0.00365029
2017.13	0.193854	0.804431	0.00171504	0.129706	0.866504	0.00378989
2017.25	0.193671	0.80451	0.0018184	0.129387	0.866684	0.00392911
2017.38	0.193494	0.804583	0.00192329	0.129072	0.86686	0.00406791
2017.5	0.193321	0.804649	0.00202955	0.128763	0.867031	0.00420626
2017.63	0.193153	0.80471	0.00213706	0.128458	0.867198	0.00434415
2017.75	0.192989	0.804765	0.00224567	0.128159	0.86736	0.00448157
2017.88	0.192829	0.804816	0.00235526	0.127864	0.867517	0.00461849
2018	0.192672	0.804862	0.00246571	0.127574	0.867671	0.00475493
2018.13	0.192519	0.804904	0.00257691	0.127289	0.86782	0.00489089
2018.25	0.192369	0.804942	0.00268876	0.127008	0.867966	0.00502637
2018.38	0.192223	0.804976	0.00280114	0.126731	0.868107	0.00516137
2018.5	0.192079	0.805007	0.00291398	0.126459	0.868245	0.00529591
2018.63	0.191938	0.805035	0.00302717	0.126191	0.868379	0.00543001
2018.75	0.1918	0.80506	0.00314064	0.125926	0.86851	0.00556367
2018.88	0.191664	0.805082	0.0032543	0.125666	0.868637	0.00569692
2019	0.19153	0.805102	0.00336809	0.125409	0.868761	0.00582976
2019.13	0.191399	0.805119	0.00348194	0.125157	0.868881	0.00596222
2019.25	0.19127	0.805134	0.00359578	0.124907	0.868998	0.0060943
2019.38	0.191142	0.805148	0.00370957	0.124662	0.869112	0.00622603
2019.5	0.191017	0.80516	0.00382324	0.124419	0.869223	0.00635743
2019.63	0.190893	0.80517	0.00393674	0.124181	0.869331	0.0064885
2019.75	0.190771	0.805179	0.00405004	0.123945	0.869436	0.00661926
2019.88	0.19065	0.805187	0.00416309	0.123712	0.869538	0.00674973
2020	0.190531	0.805194	0.00427585	0.123483	0.869637	0.00687991
2020.13	0.190412	0.805199	0.00438829	0.123256	0.869734	0.00700983
2020.25	0.190297	0.805204	0.00449891	0.123034	0.86984	0.00712553
2020.38	0.190184	0.805209	0.00460658	0.122817	0.869955	0.00722789
2020.5	0.190075	0.805215	0.00471031	0.122604	0.870078	0.00731775
2020.63	0.189968	0.805222	0.00480916	0.122396	0.870208	0.00739594
2020.75	0.189866	0.805232	0.00490234	0.122192	0.870345	0.00746323
2020.88	0.189768	0.805243	0.0049891	0.121991	0.870488	0.00752037
2021	0.189673	0.805258	0.00506881	0.121794	0.870638	0.00756806
2021.13	0.189583	0.805276	0.00514091	0.121601	0.870792	0.00760697
2021.25	0.189497	0.805298	0.00520489	0.121411	0.870951	0.00763774
2021.38	0.189417	0.805323	0.00526035	0.121224	0.871115	0.00766098
2021.5	0.18934	0.805353	0.00530693	0.12104	0.871282	0.00767726
2021.63	0.189269	0.805387	0.00534433	0.120859	0.871454	0.00768712
2021.75	0.189203	0.805425	0.00537233	0.120681	0.871628	0.00769106
2021.88	0.189141	0.805468	0.00539077	0.120506	0.871805	0.00768955
2022	0.189085	0.805515	0.00539952	0.120332	0.871985	0.00768304
2022.13	0.189034	0.805568	0.00539854	0.120162	0.872167	0.00767195
2022.25	0.188988	0.805624	0.00538783	0.119993	0.87235	0.00765666
2022.38	0.188947	0.805686	0.00536746	0.119826	0.872536	0.00763754
2022.5	0.188911	0.805752	0.00533754	0.119662	0.872723	0.00761493
2022.63	0.188879	0.805822	0.00529825	0.119499	0.872912	0.00758913
2022.75	0.188853	0.805897	0.00524983	0.119339	0.873101	0.00756043
2022.88	0.188831	0.805977	0.00519256	0.11918	0.873291	0.00752911
2023	0.188813	0.806061	0.00512679	0.119022	0.873482	0.00749542
2023.13	0.188799	0.806149	0.00505289	0.118866	0.873674	0.00745958
2023.25	0.188788	0.806241	0.00497132	0.118712	0.873866	0.00742181
2023.38	0.188781	0.806337	0.00488256	0.118559	0.874059	0.0073823
2023.5	0.188776	0.806437	0.00478712	0.118408	0.874251	0.00734124
2023.63	0.188774	0.80654	0.00468556	0.118257	0.874444	0.00729879
2023.75	0.188774	0.806647	0.00457846	0.118108	0.874637	0.00725511
2023.88	0.188776	0.806758	0.00446643	0.11796	0.874829	0.00721033
2024	0.188779	0.806871	0.00435009	0.117814	0.875022	0.00716459
2024.13	0.188782	0.806988	0.00423005	0.117668	0.875214	0.00711801
2024.25	0.188785	0.807108	0.00410694	0.117524	0.875406	0.00707069
2024.38	0.188788	0.80723	0.00398138	0.11738	0.875597	0.00702274
2024.5	0.18879	0.807356	0.00385398	0.117238	0.875788	0.00697425
2024.63	0.188791	0.807483	0.00372531	0.117096	0.875979	0.00692529
2024.75	0.188791	0.807613	0.00359594	0.116955	0.876169	0.00687596
2024.88	0.188788	0.807745	0.00346641	0.116816	0.876358	0.00682631
2025	0.188783	0.807879	0.00333721	0.116677	0.876547	0.00677641
2025.13	0.188776	0.808015	0.0032088	0.116539	0.876735	0.00672633
2025.25	0.188765	0.808153	0.00308163	0.116401	0.876923	0.00667611
2025.38	0.188751	0.808293	0.00295608	0.116265	0.877109	0.0066258
2025.5	0.188734	0.808434	0.00283249	0.116129	0.877295	0.00657545
2025.63	0.188713	0.808576	0.00271119	0.115994	0.877481	0.0065251
2025.75	0.188688	0.80872	0.00259243	0.11586	0.877665	0.00647478
2025.88	0.188659	0.808864	0.00247647	0.115726	0.877849	0.00642452
2026	0.188626	0.80901	0.00236349	0.115594	0.878032	0.00637437
2026.13	0.188589	0.809157	0.00225366	0.115461	0.878214	0.00632433
2026.25	0.188548	0.809305	0.00214712	0.11533	0.878396	0.00627445
2026.38	0.188502	0.809454	0.00204397	0.115199	0.878576	0.00622473
2026.5	0.188452	0.809603	0.00194427	0.115069	0.878756	0.00617521
2026.63	0.188398	0.809754	0.00184809	0.114939	0.878935	0.00612589
2026.75	0.18834	0.809904	0.00175544	0.11481	0.879113	0.0060768
2026.88	0.188278	0.810056	0.00166633	0.114682	0.87929	0.00602795
2027	0.188211	0.810208	0.00158075	0.114554	0.879467	0.00597935
2027.13	0.188141	0.810361	0.00149867	0.114427	0.879642	0.00593101
2027.25	0.188066	0.810514	0.00142004	0.1143	0.879817	0.00588295
2027.38	0.187987	0.810668	0.00134481	0.114174	0.879991	0.00583517
2027.5	0.187905	0.810822	0.00127292	0.114048	0.880164	0.00578768
2027.63	0.187819	0.810977	0.00120428	0.113923	0.880337	0.00574049
2027.75	0.187729	0.811132	0.00113881	0.113798	0.880508	0.0056936
2027.88	0.187636	0.811288	0.00107643	0.113674	0.880679	0.00564703
2028	0.187539	0.811444	0.00101704	0.11355	0.88085	0.00560076
2028.13	0.187439	0.811601	0.000960541	0.113426	0.881019	0.00555482
2028.25	0.187335	0.811758	0.000906842	0.113303	0.881188	0.00550919
2028.38	0.187228	0.811916	0.000855837	0.11318	0.881356	0.00546389
2028.5	0.187118	0.812074	0.000807426	0.113057	0.881524	0.00541892
2028.63	0.187005	0.812234	0.000761506	0.112935	0.881691	0.00537427
2028.75	0.186889	0.812393	0.000717977	0.112813	0.881857	0.00532995
2028.88	0.18677	0.812554	0.000676737	0.112692	0.882022	0.00528597
2029	0.186648	0.812715	0.000637688	0.11257	0.882187	0.00524231
2029.13	0.186523	0.812876	0.000600733	0.112449	0.882352	0.00519899
2029.25	0.186395	0.813039	0.000565777	0.112328	0.882516	0.005156
2029.38	0.186265	0.813202	0.000532727	0.112207	0.882679	0.00511334
2029.5	0.186132	0.813366	0.000501493	0.112087	0.882842	0.00507101
2029.63	0.185996	0.813532	0.000471987	0.111966	0.883005	0.00502901
2029.75	0.185858	0.813698	0.000444125	0.111846	0.883167	0.00498734
2029.88	0.185718	0.813865	0.000417826	0.111726	0.883328	0.004946
2030	0.185574	0.814033	0.000393009	0.111605	0.88349	0.00490499
2030.13	0.185429	0.814202	0.000369601	0.111485	0.88365	0.0048643
2030.25	0.185281	0.814372	0.000347527	0.111365	0.883811	0.00482394
2030.38	0.18513	0.814543	0.000326718	0.111245	0.883971	0.00478391
2030.5	0.184977	0.814716	0.000307108	0.111125	0.884131	0.00474419
2030.63	0.184822	0.81489	0.000288632	0.111004	0.884291	0.0047048
2030.75	0.184664	0.815065	0.000271229	0.110884	0.88445	0.00466572
2030.88	0.184504	0.815241	0.00025484	0.110764	0.884609	0.00462696
2031	0.184341	0.815419	0.000239412	0.110643	0.884768	0.00458852
2031.13	0.184176	0.815599	0.000224889	0.110522	0.884927	0.00455038
2031.25	0.184009	0.81578	0.000211223	0.110401	0.885086	0.00451256
2031.38	0.183839	0.815962	0.000198365	0.11028	0.885245	0.00447505
2031.5	0.183667	0.816146	0.000186269	0.110159	0.885403	0.00443785
2031.63	0.183493	0.816332	0.000174894	0.110037	0.885562	0.00440095
2031.75	0.183316	0.81652	0.000164197	0.109916	0.88572	0.00436435
2031.88	0.183137	0.816709	0.000154139	0.109794	0.885878	0.00432806
2032	0.182955	0.8169	0.000144685	0.109671	0.886037	0.00429206
2032.13	0.182771	0.817093	0.000135799	0.109548	0.886195	0.00425636
2032.25	0.182585	0.817288	0.000127449	0.109425	0.886354	0.00422095
2032.38	0.182396	0.817485	0.000119602	0.109302	0.886513	0.00418584
2032.5	0.182204	0.817683	0.00011223	0.109178	0.886671	0.00415101
2032.63	0.18201	0.817884	0.000105306	0.109053	0.88683	0.00411647
2032.75	0.181814	0.818087	9.88011e-005	0.108928	0.88699	0.00408222
2032.88	0.181615	0.818292	9.26923e-005	0.108803	0.887149	0.00404825
2033	0.181413	0.8185	8.69557e-005	0.108677	0.887308	0.00401456
2033.13	0.181209	0.818709	8.15693e-005	0.108551	0.887468	0.00398116
2033.25	0.181002	0.818921	7.65121e-005	0.108424	0.887628	0.00394802
2033.38	0.180793	0.819136	7.17645e-005	0.108296	0.887789	0.00391517
2033.5	0.18058	0.819352	6.7308e-005	0.108168	0.887949	0.00388258
2033.63	0.180366	0.819571	6.3125e-005	0.108039	0.888111	0.00385027
2033.75	0.180148	0.819793	5.9199e-005	0.10791	0.888272	0.00381822
2033.88	0.179928	0.820017	5.55147e-005	0.10778	0.888434	0.00378644
2034	0.179704	0.820244	5.20574e-005	0.107649	0.888596	0.00375492
2034.13	0.179478	0.820473	4.88132e-005	0.107517	0.888759	0.00372367
2034.25	0.17925	0.820705	4.57694e-005	0.107385	0.888922	0.00369267
2034.38	0.179018	0.820939	4.29137e-005	0.107252	0.889086	0.00366193
2034.5	0.178783	0.821176	4.02346e-005	0.107119	0.88925	0.00363145
2034.63	0.178546	0.821416	3.77215e-005	0.106984	0.889415	0.00360122
2034.75	0.178305	0.821659	3.53641e-005	0.106849	0.88958	0.00357124
2034.88	0.178062	0.821905	3.31529e-005	0.106712	0.889746	0.00354151
2035	0.177815	0.822154	3.1079e-005	0.106575	0.889913	0.00351203
2035.13	0.177566	0.822405	2.91339e-005	0.106437	0.89008	0.00348279
2035.25	0.177313	0.82266	2.73098e-005	0.106299	0.890248	0.0034538
2035.38	0.177057	0.822917	2.55991e-005	0.106159	0.890416	0.00342504
2035.5	0.176799	0.823178	2.3995e-005	0.106018	0.890585	0.00339653
2035.63	0.176536	0.823441	2.24908e-005	0.105876	0.890755	0.00336825
2035.75	0.176271	0.823708	2.10804e-005	0.105734	0.890926	0.00334021
2035.88	0.176003	0.823977	1.97579e-005	0.10559	0.891098	0.0033124
2036	0.175731	0.82425	1.8518e-005	0.105445	0.89127	0.00328482
2036.13	0.175456	0.824527	1.73555e-005	0.1053	0.891443	0.00325748
2036.25	0.175178	0.824806	1.62657e-005	0.105153	0.891617	0.00323036
2036.38	0.174896	0.825089	1.5244e-005	0.105005	0.891791	0.00320346
2036.5	0.174611	0.825374	1.42861e-005	0.104856	0.891967	0.00317679
2036.63	0.174323	0.825664	1.33883e-005	0.104706	0.892144	0.00315034
2036.75	0.174031	0.825956	1.25466e-005	0.104555	0.892321	0.00312411
2036.88	0.173736	0.826252	1.17576e-005	0.104403	0.892499	0.0030981
2037	0.173438	0.826551	1.10181e-005	0.104249	0.892678	0.00307231
2037.13	0.173136	0.826854	1.03249e-005	0.104095	0.892859	0.00304673
2037.25	0.17283	0.82716	9.67516e-006	0.103939	0.89304	0.00302137
2037.38	0.172521	0.82747	9.06619e-006	0.103782	0.893222	0.00299621
2037.5	0.172209	0.827783	8.49543e-006	0.103623	0.893405	0.00297126
2037.63	0.171893	0.828099	7.9605e-006	0.103464	0.89359	0.00294653
2037.75	0.171573	0.828419	7.45915e-006	0.103303	0.893775	0.00292199
2037.88	0.17125	0.828743	6.98929e-006	0.103141	0.893961	0.00289767
2038	0.170923	0.82907	6.54895e-006	0.102978	0.894149	0.00287354
2038.13	0.170593	0.829401	6.13628e-006	0.102813	0.894337	0.00284961
2038.25	0.170259	0.829735	5.74955e-006	0.102647	0.894527	0.00282589
2038.38	0.169922	0.830073	5.38713e-006	0.10248	0.894718	0.00280236
2038.5	0.169581	0.830414	5.04751e-006	0.102311	0.89491	0.00277903
2038.63	0.169236	0.830759	4.72926e-006	0.102142	0.895103	0.00275589
2038.75	0.168887	0.831108	4.43102e-006	0.10197	0.895297	0.00273295
2038.88	0.168536	0.83146	4.15156e-006	0.101798	0.895492	0.00271019
2039	0.16818	0.831816	3.88969e-006	0.101624	0.895689	0.00268763
2039.13	0.167821	0.832176	3.64431e-006	0.101448	0.895887	0.00266525
2039.25	0.167458	0.832539	3.41438e-006	0.101271	0.896086	0.00264306
2039.38	0.167091	0.832906	3.19893e-006	0.101093	0.896286	0.00262105
2039.5	0.166721	0.833276	2.99706e-006	0.100914	0.896487	0.00259923
2039.63	0.166347	0.83365	2.8079e-006	0.100733	0.89669	0.00257759
2039.75	0.16597	0.834028	2.63067e-006	0.10055	0.896894	0.00255613
2039.88	0.165589	0.834409	2.4646e-006	0.100366	0.897099	0.00253484
2040	0.165204	0.834794	2.30901e-006	0.100181	0.897305	0.00251374
2040.13	0.164816	0.835182	2.16322e-006	0.099994	0.897513	0.00249281
2040.25	0.164424	0.835574	2.02663e-006	0.0998058	0.897722	0.00247205
2040.38	0.164028	0.83597	1.89865e-006	0.0996161	0.897932	0.00245147
2040.5	0.163629	0.836369	1.77874e-006	0.0994249	0.898144	0.00243106
2040.63	0.163227	0.836771	1.6664e-006	0.0992322	0.898357	0.00241082
2040.75	0.162821	0.837178	1.56115e-006	0.0990381	0.898571	0.00239075
2040.88	0.162411	0.837587	1.46253e-006	0.0988425	0.898787	0.00237084
2041	0.161998	0.838	1.37014e-006	0.0986454	0.899003	0.0023511
2041.13	0.161582	0.838417	1.28358e-006	0.0984469	0.899222	0.00233152
2041.25	0.161162	0.838837	1.20249e-006	0.0982468	0.899441	0.00231211
2041.38	0.160738	0.83926	1.12651e-006	0.0980453	0.899662	0.00229286
2041.5	0.160312	0.839687	1.05533e-006	0.0978423	0.899884	0.00227377
2041.63	0.159882	0.840117	9.88645e-007	0.0976379	0.900107	0.00225484
2041.75	0.159448	0.840551	9.26169e-007	0.0974319	0.900332	0.00223606
2041.88	0.159012	0.840988	8.67638e-007	0.0972245	0.900558	0.00221745
2042	0.158572	0.841427	8.12804e-007	0.0970156	0.900785	0.00219898
2042.13	0.158129	0.841871	7.61432e-007	0.0968052	0.901014	0.00218067
2042.25	0.157682	0.842317	7.13306e-007	0.0965934	0.901244	0.00216252
2042.38	0.157233	0.842766	6.68219e-007	0.0963801	0.901475	0.00214451
2042.5	0.156781	0.843219	6.2598e-007	0.0961653	0.901708	0.00212666
2042.63	0.156325	0.843674	5.8641e-007	0.0959491	0.901942	0.00210895
2042.75	0.155867	0.844133	5.4934e-007	0.0957314	0.902177	0.00209139
2042.88	0.155405	0.844594	5.14612e-007	0.0955123	0.902414	0.00207398
2043	0.154941	0.845059	4.82078e-007	0.0952918	0.902651	0.00205671
2043.13	0.154474	0.845526	4.51601e-007	0.0950698	0.902891	0.00203958
2043.25	0.154004	0.845996	4.23049e-007	0.0948465	0.903131	0.0020226
2043.38	0.153531	0.846468	3.96301e-007	0.0946217	0.903373	0.00200576
2043.5	0.153056	0.846944	3.71244e-007	0.0943955	0.903615	0.00198906
2043.63	0.152578	0.847422	3.47771e-007	0.094168	0.90386	0.0019725
2043.75	0.152097	0.847902	3.25781e-007	0.093939	0.904105	0.00195607
2043.88	0.151614	0.848385	3.05181e-007	0.0937087	0.904351	0.00193979
2044	0.151129	0.848871	2.85883e-007	0.0934771	0.904599	0.00192364
2044.13	0.150641	0.849359	2.67805e-007	0.0932441	0.904848	0.00190762
2044.25	0.150151	0.849849	2.5087e-007	0.0930097	0.905098	0.00189174
2044.38	0.149658	0.850342	2.35006e-007	0.0927741	0.90535	0.00187598
2044.5	0.149164	0.850836	2.20144e-007	0.0925372	0.905602	0.00186036
2044.63	0.148667	0.851333	2.06222e-007	0.0922989	0.905856	0.00184487
2044.75	0.148168	0.851832	1.9318e-007	0.0920594	0.906111	0.00182951
2044.88	0.147667	0.852333	1.80963e-007	0.0918187	0.906367	0.00181428
2045	0.147164	0.852836	1.69518e-007	0.0915767	0.906624	0.00179917
2045.13	0.146659	0.853341	1.58797e-007	0.0913334	0.906882	0.00178419
2045.25	0.146153	0.853847	1.48754e-007	0.091089	0.907142	0.00176934
2045.38	0.145645	0.854355	1.39346e-007	0.0908434	0.907402	0.0017546
2045.5	0.145135	0.854865	1.30533e-007	0.0905966	0.907663	0.00174
2045.63	0.144623	0.855377	1.22277e-007	0.0903486	0.907926	0.00172551
2045.75	0.14411	0.85589	1.14543e-007	0.0900995	0.908189	0.00171114
2045.88	0.143596	0.856404	1.07298e-007	0.0898493	0.908454	0.00169689
2046	0.14308	0.85692	1.00512e-007	0.089598	0.908719	0.00168276
2046.13	0.142563	0.857437	9.41544e-008	0.0893456	0.908986	0.00166875
2046.25	0.142044	0.857956	8.81991e-008	0.0890921	0.909253	0.00165486
2046.38	0.141524	0.858475	8.26204e-008	0.0888376	0.909521	0.00164108
2046.5	0.141004	0.858996	7.73945e-008	0.088582	0.909791	0.00162741
2046.63	0.140482	0.859518	7.24991e-008	0.0883254	0.910061	0.00161386
2046.75	0.139959	0.860041	6.79134e-008	0.0880679	0.910332	0.00160043
2046.88	0.139436	0.860564	6.36176e-008	0.0878094	0.910604	0.0015871
2047	0.138911	0.861089	5.95936e-008	0.0875499	0.910876	0.00157389
2047.13	0.138386	0.861614	5.58241e-008	0.0872896	0.91115	0.00156078
2047.25	0.13786	0.86214	5.2293e-008	0.0870283	0.911424	0.00154778
2047.38	0.137333	0.862667	4.89853e-008	0.0867661	0.911699	0.0015349
2047.5	0.136806	0.863194	4.58867e-008	0.0865031	0.911975	0.00152212
2047.63	0.136278	0.863721	4.29842e-008	0.0862392	0.912251	0.00150944
2047.75	0.13575	0.86425	4.02652e-008	0.0859745	0.912529	0.00149687
2047.88	0.135222	0.864778	3.77183e-008	0.085709	0.912807	0.00148441
2048	0.134693	0.865307	3.53324e-008	0.0854427	0.913085	0.00147205
2048.13	0.134164	0.865836	3.30975e-008	0.0851756	0.913365	0.00145979
2048.25	0.133635	0.866365	3.10039e-008	0.0849078	0.913645	0.00144764
2048.38	0.133105	0.866895	2.90427e-008	0.0846393	0.913925	0.00143559
2048.5	0.132576	0.867424	2.72056e-008	0.0843701	0.914206	0.00142363
2048.63	0.132046	0.867954	2.54847e-008	0.0841002	0.914488	0.00141178
2048.75	0.131517	0.868483	2.38727e-008	0.0838296	0.91477	0.00140002
2048.88	0.130987	0.869012	2.23626e-008	0.0835584	0.915053	0.00138837
2049	0.130458	0.869542	2.0948e-008	0.0832866	0.915337	0.0013768
2049.13	0.129929	0.870071	1.9623e-008	0.0830142	0.91562	0.00136534
2049.25	0.1294	0.8706	1.83817e-008	0.0827412	0.915905	0.00135397
2049.38	0.128872	0.871128	1.7219e-008	0.0824677	0.91619	0.0013427
2049.5	0.128344	0.871656	1.61298e-008	0.0821935	0.916475	0.00133152
2049.63	0.127816	0.872184	1.51095e-008	0.0819189	0.916761	0.00132043
2049.75	0.127288	0.872712	1.41538e-008	0.0816438	0.917047	0.00130944
2049.88	0.126761	0.873239	1.32585e-008	0.0813682	0.917333	0.00129853
2050	0.126235	0.873765	1.24198e-008	0.0810921	0.91762	0.00128772
