Time	Trip Fraction[public transport]	Trip Fraction[regular car]	Trip Fraction[electric car]	Owner Fraction[public transport]	Owner Fraction[regular car]	Owner Fraction[electric car]
2010	0.239457	0.760543	0	0.198895	0.801105	0
2010.13	0.239457	0.760543	0	0.198895	0.801105	0
2010.25	0.237458	0.762542	0	0.197069	0.802931	0
2010.38	0.235477	0.764523	0	0.195267	0.804733	0
2010.5	0.233519	0.766481	0	0.193493	0.806507	0
2010.63	0.231584	0.768416	0	0.191747	0.808253	0
2010.75	0.229672	0.770328	0	0.190027	0.809973	0
2010.88	0.227783	0.772217	0	0.188334	0.811666	0
2011	0.225918	0.774082	0	0.186667	0.813333	0
2011.13	0.224077	0.775923	0	0.185026	0.814974	0
2011.25	0.22226	0.77774	0	0.18341	0.81659	0
2011.38	0.220467	0.779533	0	0.18182	0.81818	0
2011.5	0.218699	0.781301	0	0.180255	0.819745	0
2011.63	0.216954	0.783046	0	0.178714	0.821286	0
2011.75	0.215234	0.784766	0	0.177197	0.822803	0
2011.88	0.213538	0.786462	0	0.175704	0.824296	0
2012	0.211867	0.788133	0	0.174234	0.825766	0
2012.13	0.210219	0.789781	0	0.172788	0.827212	0
2012.25	0.209226	0.790774	0	0.171364	0.828636	0
2012.38	0.208263	0.791737	0	0.169974	0.830026	0
2012.5	0.207328	0.792672	0	0.168614	0.831385	0
2012.63	0.206422	0.793578	0	0.167287	0.832713	0
2012.75	0.205546	0.794454	0	0.16599	0.83401	3.04527e-007
2012.88	0.2047	0.7953	6.22616e-010	0.164724	0.835274	1.47212e-006
2013	0.203887	0.796113	7.37066e-009	0.163489	0.836506	4.26894e-006
2013.13	0.203108	0.796892	4.17381e-008	0.162285	0.837705	9.62621e-006
2013.25	0.202364	0.797636	1.58605e-007	0.161113	0.838869	1.86012e-005
2013.38	0.201657	0.798343	4.65201e-007	0.159971	0.839997	3.23413e-005
2013.5	0.200988	0.799011	1.13607e-006	0.158861	0.841087	5.2052e-005
2013.63	0.20036	0.799637	2.42088e-006	0.157782	0.842139	7.89666e-005
2013.75	0.199775	0.80022	4.64513e-006	0.156735	0.84315	0.000114321
2013.88	0.199235	0.800757	8.2055e-006	0.155721	0.84412	0.000159327
2014	0.198741	0.801246	1.35622e-005	0.154739	0.845046	0.000215155
2014.13	0.198295	0.801683	2.12294e-005	0.15379	0.845927	0.000282914
2014.25	0.197901	0.802067	3.17661e-005	0.152875	0.846762	0.000363634
2014.38	0.19756	0.802394	4.57655e-005	0.151993	0.847548	0.000458256
2014.5	0.197274	0.802662	6.38461e-005	0.151146	0.848286	0.000567618
2014.63	0.197046	0.802868	8.66422e-005	0.150334	0.848974	0.000692447
2014.75	0.196877	0.803009	0.000114795	0.149557	0.849609	0.000833353
2014.88	0.196769	0.803082	0.000148944	0.148816	0.850193	0.000990824
2015	0.196726	0.803084	0.000189721	0.148112	0.850723	0.00116522
2015.13	0.196748	0.803014	0.000237738	0.147444	0.8512	0.00135678
2015.25	0.196838	0.802868	0.000293586	0.146813	0.851621	0.00156562
2015.38	0.196998	0.802644	0.000357823	0.14622	0.851988	0.00179171
2015.5	0.197229	0.80234	0.000430973	0.145666	0.852299	0.00203493
2015.63	0.197534	0.801953	0.000513519	0.14515	0.852555	0.00229503
2015.75	0.197913	0.801481	0.000605896	0.144673	0.852755	0.00257165
2015.88	0.198368	0.800924	0.00070849	0.144236	0.8529	0.00286433
2016	0.1989	0.800279	0.000821636	0.143838	0.852989	0.0031725
2016.13	0.19951	0.799544	0.000945612	0.143481	0.853024	0.00349552
2016.25	0.2002	0.798719	0.00108064	0.143164	0.853004	0.00383267
2016.38	0.200971	0.797803	0.00122688	0.142887	0.85293	0.00418315
2016.5	0.201822	0.796794	0.00138443	0.142652	0.852802	0.00454611
2016.63	0.202754	0.795693	0.00155335	0.142457	0.852622	0.00492064
2016.75	0.203767	0.794499	0.00173362	0.142304	0.85239	0.0053058
2016.88	0.204863	0.793212	0.00192517	0.142192	0.852108	0.00570061
2017	0.206039	0.791833	0.00212788	0.142121	0.851775	0.00610408
2017.13	0.207297	0.790362	0.00234156	0.142091	0.851394	0.00651519
2017.25	0.208635	0.788799	0.002566	0.142102	0.850965	0.00693295
2017.38	0.210052	0.787147	0.00280091	0.142155	0.850489	0.00735634
2017.5	0.211549	0.785405	0.00304599	0.142248	0.849968	0.00778437
2017.63	0.213123	0.783576	0.00330088	0.142382	0.849402	0.00821609
2017.75	0.214774	0.781661	0.00356517	0.142556	0.848794	0.00865054
2017.88	0.216499	0.779662	0.00383846	0.14277	0.848143	0.00908683
2018	0.218298	0.777582	0.00412028	0.143024	0.847452	0.00952409
2018.13	0.220168	0.775422	0.00441017	0.143316	0.846722	0.00996151
2018.25	0.222108	0.773184	0.00470762	0.143648	0.845954	0.0103983
2018.38	0.224115	0.770873	0.00501213	0.144017	0.845149	0.0108338
2018.5	0.226187	0.76849	0.00532318	0.144423	0.844309	0.0112673
2018.63	0.228321	0.766039	0.00564024	0.144867	0.843435	0.0116981
2018.75	0.230515	0.763522	0.00596277	0.145346	0.842528	0.0121258
2018.88	0.232767	0.760943	0.00629025	0.14586	0.84159	0.0125499
2019	0.235073	0.758305	0.00662214	0.146409	0.840621	0.0129699
2019.13	0.237431	0.755611	0.00695794	0.146992	0.839623	0.0133853
2019.25	0.239838	0.752865	0.00729711	0.147607	0.838597	0.013796
2019.38	0.24229	0.750071	0.00763916	0.148253	0.837545	0.0142016
2019.5	0.244786	0.747231	0.0079836	0.148931	0.836468	0.0146019
2019.63	0.24732	0.74435	0.00832997	0.149638	0.835366	0.0149967
2019.75	0.249892	0.74143	0.0086778	0.150373	0.834241	0.0153858
2019.88	0.252497	0.738477	0.00902666	0.151136	0.833094	0.0157692
2020	0.255132	0.735492	0.00937614	0.151926	0.831927	0.0161467
2020.13	0.257794	0.73248	0.00972584	0.152741	0.83074	0.0165185
2020.25	0.260449	0.729475	0.0100757	0.153573	0.829542	0.0168848
2020.38	0.263096	0.726478	0.0104253	0.154422	0.828332	0.0172457
2020.5	0.265736	0.72349	0.0107745	0.155286	0.827112	0.0176013
2020.63	0.268367	0.72051	0.0111227	0.156166	0.825883	0.0179516
2020.75	0.27099	0.71754	0.0114699	0.157059	0.824644	0.0182966
2020.88	0.273605	0.71458	0.0118156	0.157967	0.823397	0.0186365
2021	0.276209	0.711631	0.0121597	0.158887	0.822142	0.0189713
2021.13	0.278804	0.708694	0.0125019	0.159819	0.82088	0.0193013
2021.25	0.281389	0.705769	0.0128421	0.160762	0.819611	0.0196265
2021.38	0.283962	0.702858	0.01318	0.161717	0.818336	0.019947
2021.5	0.286523	0.699962	0.0135154	0.162681	0.817056	0.0202631
2021.63	0.289071	0.697081	0.0138483	0.163654	0.815772	0.0205748
2021.75	0.291605	0.694216	0.0141784	0.164635	0.814482	0.0208824
2021.88	0.294125	0.691369	0.0145058	0.165624	0.81319	0.0211859
2022	0.29663	0.68854	0.0148302	0.16662	0.811894	0.0214856
2022.13	0.299118	0.68573	0.0151516	0.167622	0.810596	0.0217816
2022.25	0.301589	0.68294	0.01547	0.16863	0.809296	0.0220741
2022.38	0.304043	0.680172	0.0157853	0.169642	0.807995	0.0223632
2022.5	0.306505	0.677398	0.0160972	0.170665	0.806686	0.0226486
2022.63	0.308989	0.674605	0.0164054	0.171703	0.805366	0.0229303
2022.75	0.311495	0.671795	0.0167099	0.172756	0.804035	0.0232084
2022.88	0.314021	0.668969	0.0170106	0.173823	0.802694	0.023483
2023	0.316564	0.666129	0.0173075	0.174903	0.801343	0.0237542
2023.13	0.319123	0.663276	0.0176007	0.175996	0.799982	0.0240221
2023.25	0.321696	0.660414	0.0178901	0.177101	0.798612	0.0242869
2023.38	0.324283	0.657541	0.0181757	0.178218	0.797233	0.0245487
2023.5	0.326881	0.654662	0.0184575	0.179346	0.795846	0.0248076
2023.63	0.329489	0.651776	0.0187355	0.180485	0.794451	0.0250636
2023.75	0.332105	0.648885	0.0190098	0.181634	0.793049	0.0253169
2023.88	0.334729	0.645991	0.0192804	0.182793	0.79164	0.0255675
2024	0.337358	0.643095	0.0195473	0.183961	0.790224	0.0258156
2024.13	0.339992	0.640198	0.0198105	0.185137	0.788802	0.0260611
2024.25	0.342629	0.637301	0.0200701	0.186322	0.787374	0.0263042
2024.38	0.345268	0.634406	0.0203262	0.187514	0.785941	0.026545
2024.5	0.347908	0.631513	0.0205787	0.188714	0.784503	0.0267835
2024.63	0.350548	0.628624	0.0208277	0.18992	0.78306	0.0270197
2024.75	0.353186	0.62574	0.0210732	0.191133	0.781614	0.0272537
2024.88	0.355822	0.622862	0.0213154	0.192351	0.780163	0.0274856
2025	0.358455	0.619991	0.0215542	0.193575	0.77871	0.0277154
2025.13	0.361083	0.617127	0.0217897	0.194803	0.777254	0.0279431
2025.25	0.363706	0.614272	0.022022	0.196036	0.775795	0.0281689
2025.38	0.366322	0.611426	0.022251	0.197273	0.774334	0.0283926
2025.5	0.368932	0.608591	0.0224769	0.198514	0.772872	0.0286144
2025.63	0.371533	0.605767	0.0226997	0.199758	0.771408	0.0288342
2025.75	0.374126	0.602955	0.0229195	0.201004	0.769943	0.0290522
2025.88	0.376709	0.600155	0.0231362	0.202253	0.768478	0.0292683
2026	0.379282	0.597368	0.02335	0.203504	0.767013	0.0294825
2026.13	0.381844	0.594595	0.0235608	0.204757	0.765548	0.0296949
2026.25	0.384394	0.591837	0.0237688	0.206011	0.764084	0.0299055
2026.38	0.386932	0.589094	0.023974	0.207265	0.762621	0.0301143
2026.5	0.389457	0.586366	0.0241763	0.20852	0.761158	0.0303213
2026.63	0.391969	0.583655	0.024376	0.209776	0.759698	0.0305265
2026.75	0.394467	0.58096	0.024573	0.211031	0.758239	0.0307299
2026.88	0.39695	0.578283	0.0247673	0.212286	0.756783	0.0309316
2027	0.399418	0.575623	0.024959	0.213539	0.755329	0.0311315
2027.13	0.401871	0.572981	0.0251482	0.214792	0.753878	0.0313297
2027.25	0.404308	0.570357	0.0253348	0.216043	0.752431	0.0315262
2027.38	0.406728	0.567753	0.0255189	0.217293	0.750986	0.031721
2027.5	0.409133	0.565167	0.0257006	0.21854	0.749546	0.031914
2027.63	0.41152	0.5626	0.0258799	0.219785	0.748109	0.0321053
2027.75	0.413889	0.560054	0.0260568	0.221028	0.746677	0.0322949
2027.88	0.416241	0.557527	0.0262314	0.222267	0.74525	0.0324828
2028	0.418576	0.555021	0.0264036	0.223504	0.743827	0.032669
2028.13	0.420892	0.552535	0.0265736	0.224737	0.742409	0.0328535
2028.25	0.423189	0.550069	0.0267414	0.225967	0.740997	0.0330363
2028.38	0.425469	0.547625	0.0269069	0.227192	0.73959	0.0332174
2028.5	0.427729	0.545201	0.0270702	0.228414	0.738189	0.0333968
2028.63	0.42997	0.542798	0.0272314	0.229632	0.736794	0.0335746
2028.75	0.432192	0.540417	0.0273905	0.230844	0.735405	0.0337506
2028.88	0.434395	0.538057	0.0275475	0.232053	0.734022	0.033925
2029	0.436579	0.535719	0.0277024	0.233256	0.732646	0.0340977
2029.13	0.438743	0.533402	0.0278553	0.234454	0.731277	0.0342688
2029.25	0.440887	0.531106	0.0280062	0.235647	0.729915	0.0344381
2029.38	0.443012	0.528833	0.0281551	0.236834	0.72856	0.0346059
2029.5	0.445117	0.526581	0.0283021	0.238016	0.727212	0.0347719
2029.63	0.447203	0.52435	0.0284471	0.239192	0.725871	0.0349363
2029.75	0.449268	0.522142	0.0285902	0.240362	0.724539	0.0350991
2029.88	0.451314	0.519955	0.0287315	0.241526	0.723213	0.0352602
2030	0.45334	0.517789	0.0288709	0.242684	0.721896	0.0354197
2030.13	0.455346	0.515646	0.0290084	0.243835	0.720587	0.0355776
2030.25	0.457338	0.513523	0.0291381	0.244994	0.71931	0.0356963
2030.38	0.45932	0.511424	0.0292565	0.246157	0.718064	0.0357784
2030.5	0.461292	0.509348	0.0293606	0.247326	0.716848	0.035826
2030.63	0.463257	0.507296	0.0294477	0.248499	0.71566	0.0358412
2030.75	0.465217	0.505268	0.0295152	0.249675	0.714499	0.035826
2030.88	0.467174	0.503266	0.0295606	0.250854	0.713364	0.0357823
2031	0.469129	0.501289	0.0295818	0.252034	0.712254	0.0357119
2031.13	0.471085	0.499338	0.029577	0.253216	0.711167	0.0356166
2031.25	0.473043	0.497413	0.0295443	0.254398	0.710104	0.035498
2031.38	0.475004	0.495514	0.0294821	0.25558	0.709062	0.0353578
2031.5	0.47697	0.493641	0.0293893	0.256762	0.708041	0.0351974
2031.63	0.478942	0.491794	0.0292646	0.257942	0.70704	0.0350185
2031.75	0.48092	0.489973	0.0291071	0.25912	0.706057	0.0348224
2031.88	0.482906	0.488177	0.0289161	0.260296	0.705094	0.0346106
2032	0.484901	0.486408	0.028691	0.261469	0.704147	0.0343844
2032.13	0.486904	0.484664	0.0284317	0.262638	0.703217	0.034145
2032.25	0.488917	0.482945	0.0281381	0.263803	0.702303	0.0338938
2032.38	0.490938	0.481252	0.0278103	0.264964	0.701404	0.0336318
2032.5	0.492969	0.479583	0.0274488	0.26612	0.70052	0.0333602
2032.63	0.495008	0.477938	0.0270542	0.267271	0.699649	0.03308
2032.75	0.497055	0.476317	0.0266275	0.268416	0.698792	0.0327921
2032.88	0.49911	0.47472	0.0261698	0.269555	0.697947	0.0324976
2033	0.501172	0.473146	0.0256825	0.270688	0.697115	0.0321972
2033.13	0.503238	0.471595	0.0251672	0.271814	0.696294	0.0318917
2033.25	0.505308	0.470066	0.0246257	0.272933	0.695485	0.031582
2033.38	0.50738	0.468559	0.0240601	0.274045	0.694686	0.0312686
2033.5	0.509453	0.467074	0.0234725	0.27515	0.693898	0.0309523
2033.63	0.511524	0.465611	0.0228653	0.276246	0.69312	0.0306335
2033.75	0.513592	0.464167	0.0222409	0.277335	0.692352	0.0303129
2033.88	0.515653	0.462745	0.0216019	0.278416	0.691593	0.029991
2034	0.517707	0.461342	0.0209509	0.279489	0.690843	0.0296682
2034.13	0.519751	0.459958	0.0202905	0.280553	0.690102	0.0293449
2034.25	0.521782	0.458594	0.0196234	0.281608	0.68937	0.0290215
2034.38	0.523799	0.457249	0.0189522	0.282655	0.688647	0.0286984
2034.5	0.525799	0.455921	0.0182794	0.283693	0.687931	0.0283758
2034.63	0.52778	0.454612	0.0176074	0.284722	0.687223	0.0280541
2034.75	0.529741	0.45332	0.0169385	0.285743	0.686524	0.0277336
2034.88	0.531679	0.452046	0.0162749	0.286754	0.685832	0.0274144
2035	0.533593	0.450788	0.0156187	0.287756	0.685148	0.0270967
2035.13	0.535482	0.449547	0.0149717	0.288749	0.684471	0.0267808
2035.25	0.537343	0.448321	0.0143356	0.289732	0.683801	0.0264669
2035.38	0.539177	0.447112	0.0137118	0.290707	0.683138	0.026155
2035.5	0.540981	0.445917	0.0131018	0.291672	0.682483	0.0258454
2035.63	0.542755	0.444738	0.0125066	0.292627	0.681834	0.025538
2035.75	0.544499	0.443574	0.0119273	0.293574	0.681193	0.0252332
2035.88	0.546212	0.442424	0.0113646	0.294511	0.680558	0.0249308
2036	0.547893	0.441288	0.0108192	0.295439	0.67993	0.0246311
2036.13	0.549543	0.440166	0.0102916	0.296357	0.679309	0.0243341
2036.25	0.551161	0.439057	0.00978207	0.297267	0.678694	0.0240398
2036.38	0.552747	0.437962	0.00929092	0.298166	0.678085	0.0237483
2036.5	0.554302	0.436879	0.00881824	0.299057	0.677483	0.0234597
2036.63	0.555826	0.43581	0.00836401	0.299938	0.676888	0.0231739
2036.75	0.557319	0.434753	0.00792816	0.30081	0.676299	0.0228911
2036.88	0.558782	0.433708	0.0075105	0.301673	0.675716	0.0226111
2037	0.560214	0.432675	0.00711078	0.302527	0.675139	0.0223342
2037.13	0.561618	0.431653	0.00672869	0.303371	0.674569	0.0220602
2037.25	0.562992	0.430644	0.00636386	0.304206	0.674004	0.0217891
2037.38	0.564339	0.429645	0.00601589	0.305033	0.673446	0.0215211
2037.5	0.565658	0.428658	0.00568433	0.30585	0.672894	0.021256
2037.63	0.56695	0.427681	0.00536869	0.306658	0.672348	0.0209939
2037.75	0.568217	0.426715	0.00506849	0.307458	0.671808	0.0207347
2037.88	0.569457	0.425759	0.00478319	0.308248	0.671273	0.0204786
2038	0.570674	0.424814	0.00451228	0.30903	0.670745	0.0202253
2038.13	0.571866	0.423879	0.00425521	0.309803	0.670222	0.019975
2038.25	0.573035	0.422953	0.00401145	0.310567	0.669706	0.0197276
2038.38	0.574182	0.422037	0.00378046	0.311322	0.669195	0.0194831
2038.5	0.575307	0.421131	0.0035617	0.312069	0.66869	0.0192415
2038.63	0.576411	0.420234	0.00335465	0.312807	0.66819	0.0190027
2038.75	0.577495	0.419346	0.00315879	0.313537	0.667696	0.0187668
2038.88	0.578559	0.418467	0.0029736	0.314258	0.667208	0.0185337
2039	0.579604	0.417597	0.0027986	0.314971	0.666726	0.0183034
2039.13	0.580631	0.416736	0.00263329	0.315675	0.666249	0.0180759
2039.25	0.58164	0.415883	0.0024772	0.316372	0.665777	0.0178511
2039.38	0.582632	0.415038	0.00232989	0.31706	0.665311	0.017629
2039.5	0.583608	0.414201	0.00219091	0.31774	0.664851	0.0174096
2039.63	0.584567	0.413373	0.00205983	0.318412	0.664395	0.0171929
2039.75	0.585511	0.412553	0.00193626	0.319076	0.663946	0.0169788
2039.88	0.58644	0.41174	0.00181979	0.319732	0.663501	0.0167674
2040	0.587355	0.410935	0.00171006	0.32038	0.663062	0.0165585
2040.13	0.588256	0.410137	0.0016067	0.32102	0.662628	0.0163522
2040.25	0.589143	0.409347	0.00150937	0.321652	0.662199	0.0161484
2040.38	0.590018	0.408564	0.00141775	0.322277	0.661776	0.0159471
2040.5	0.59088	0.407788	0.00133151	0.322894	0.661357	0.0157483
2040.63	0.59173	0.40702	0.00125037	0.323504	0.660944	0.015552
2040.75	0.592568	0.406258	0.00117403	0.324106	0.660536	0.015358
2040.88	0.593395	0.405503	0.00110223	0.324701	0.660133	0.0151665
2041	0.594211	0.404754	0.00103472	0.325288	0.659734	0.0149773
2041.13	0.595017	0.404012	0.000971239	0.325868	0.659341	0.0147905
2041.25	0.595812	0.403277	0.000911567	0.326441	0.658953	0.014606
2041.38	0.596597	0.402547	0.000855484	0.327007	0.658569	0.0144237
2041.5	0.597373	0.401824	0.000802781	0.327566	0.658191	0.0142438
2041.63	0.598139	0.401107	0.000753264	0.328117	0.657817	0.014066
2041.75	0.598897	0.400396	0.000706745	0.328662	0.657448	0.0138905
2041.88	0.599645	0.399691	0.000663049	0.3292	0.657083	0.0137171
2042	0.600386	0.398992	0.000622011	0.329731	0.656723	0.0135459
2042.13	0.601118	0.398299	0.000583473	0.330255	0.656368	0.0133768
2042.25	0.601842	0.397611	0.000547288	0.330773	0.656018	0.0132099
2042.38	0.602558	0.396928	0.000513315	0.331283	0.655672	0.013045
2042.5	0.603267	0.396251	0.000481423	0.331788	0.65533	0.0128821
2042.63	0.603969	0.39558	0.000451487	0.332286	0.654993	0.0127213
2042.75	0.604663	0.394913	0.00042339	0.332777	0.65466	0.0125625
2042.88	0.605351	0.394252	0.000397022	0.333262	0.654332	0.0124056
2043	0.606032	0.393596	0.000372277	0.333741	0.654008	0.0122508
2043.13	0.606706	0.392945	0.000349059	0.334214	0.653688	0.0120978
2043.25	0.607374	0.392299	0.000327275	0.33468	0.653373	0.0119468
2043.38	0.608036	0.391657	0.000306837	0.335141	0.653062	0.0117976
2043.5	0.608692	0.391021	0.000287665	0.335595	0.652755	0.0116503
2043.63	0.609342	0.390389	0.00026968	0.336043	0.652452	0.0115048
2043.75	0.609986	0.389761	0.00025281	0.336486	0.652153	0.0113611
2043.88	0.610625	0.389138	0.000236987	0.336922	0.651859	0.0112193
2044	0.611258	0.38852	0.000222148	0.337353	0.651568	0.0110792
2044.13	0.611886	0.387905	0.000208231	0.337778	0.651281	0.0109408
2044.25	0.612509	0.387296	0.00019518	0.338197	0.650999	0.0108042
2044.38	0.613127	0.38669	0.000182941	0.338611	0.65072	0.0106693
2044.5	0.61374	0.386088	0.000171466	0.339019	0.650445	0.010536
2044.63	0.614348	0.385491	0.000160706	0.339422	0.650174	0.0104045
2044.75	0.614952	0.384897	0.000150618	0.339819	0.649906	0.0102745
2044.88	0.615551	0.384308	0.000141159	0.340211	0.649642	0.0101462
2045	0.616145	0.383722	0.000132292	0.340598	0.649383	0.0100195
2045.13	0.616736	0.383141	0.000123979	0.340979	0.649126	0.00989439
2045.25	0.617321	0.382562	0.000116186	0.341356	0.648874	0.00977082
2045.38	0.617903	0.381988	0.00010888	0.341727	0.648624	0.00964879
2045.5	0.618481	0.381417	0.000102033	0.342093	0.648379	0.00952829
2045.63	0.619054	0.38085	9.56137e-005	0.342454	0.648137	0.00940929
2045.75	0.619624	0.380286	8.95971e-005	0.34281	0.647898	0.00929178
2045.88	0.62019	0.379726	8.39577e-005	0.343161	0.647663	0.00917574
2046	0.620752	0.379169	7.8672e-005	0.343507	0.647432	0.00906114
2046.13	0.621311	0.378616	7.37181e-005	0.343849	0.647203	0.00894798
2046.25	0.621866	0.378065	6.90751e-005	0.344186	0.646978	0.00883622
2046.38	0.622417	0.377518	6.47237e-005	0.344518	0.646756	0.00872587
2046.5	0.622965	0.376974	6.06456e-005	0.344845	0.646538	0.00861689
2046.63	0.62351	0.376433	5.68237e-005	0.345168	0.646323	0.00850927
2046.75	0.624051	0.375896	5.32421e-005	0.345486	0.646111	0.00840299
2046.88	0.624589	0.375361	4.98857e-005	0.3458	0.645902	0.00829805
2047	0.625124	0.374829	4.67404e-005	0.34611	0.645696	0.00819441
2047.13	0.625656	0.3743	4.3793e-005	0.346415	0.645493	0.00809206
2047.25	0.626185	0.373774	4.1031e-005	0.346716	0.645293	0.007991
2047.38	0.626711	0.373251	3.84429e-005	0.347012	0.645096	0.0078912
2047.5	0.627234	0.37273	3.60177e-005	0.347305	0.644903	0.00779264
2047.63	0.627754	0.372212	3.37452e-005	0.347593	0.644712	0.00769531
2047.75	0.628271	0.371697	3.16159e-005	0.347877	0.644524	0.0075992
2047.88	0.628786	0.371185	2.96207e-005	0.348157	0.644339	0.00750429
2048	0.629297	0.370675	2.77512e-005	0.348433	0.644156	0.00741056
2048.13	0.629807	0.370167	2.59995e-005	0.348705	0.643977	0.00731801
2048.25	0.630313	0.369663	2.43582e-005	0.348973	0.6438	0.00722661
2048.38	0.630817	0.36916	2.28204e-005	0.349238	0.643626	0.00713635
2048.5	0.631319	0.36866	2.13796e-005	0.349498	0.643455	0.00704722
2048.63	0.631818	0.368162	2.00296e-005	0.349755	0.643286	0.0069592
2048.75	0.632314	0.367667	1.87647e-005	0.350008	0.64312	0.00687229
2048.88	0.632809	0.367174	1.75797e-005	0.350257	0.642957	0.00678645
2049	0.633301	0.366683	1.64694e-005	0.350502	0.642796	0.00670169
2049.13	0.633791	0.366194	1.54291e-005	0.350744	0.642638	0.00661799
2049.25	0.634278	0.365707	1.44545e-005	0.350983	0.642482	0.00653533
2049.38	0.634763	0.365223	1.35414e-005	0.351218	0.642328	0.00645371
2049.5	0.635247	0.364741	1.2686e-005	0.351449	0.642178	0.0063731
2049.63	0.635728	0.36426	1.18845e-005	0.351677	0.642029	0.0062935
2049.75	0.636207	0.363782	1.11336e-005	0.351902	0.641883	0.0062149
2049.88	0.636684	0.363306	1.04301e-005	0.352123	0.641739	0.00613728
2050	0.637159	0.362831	9.77108e-006	0.352341	0.641598	0.00606062
