Time	Trip Fraction[public transport]	Trip Fraction[regular car]	Trip Fraction[electric car]	Owner Fraction[public transport]	Owner Fraction[regular car]	Owner Fraction[electric car]
2010	0.239457	0.760543	0	0.198895	0.801105	0
2010.13	0.239457	0.760543	0	0.198895	0.801105	0
2010.25	0.237458	0.762542	0	0.197069	0.802931	0
2010.38	0.235477	0.764523	0	0.195267	0.804733	0
2010.5	0.233519	0.766481	0	0.193493	0.806507	0
2010.63	0.231584	0.768416	0	0.191747	0.808253	0
2010.75	0.229672	0.770328	0	0.190027	0.809973	0
2010.88	0.227783	0.772217	0	0.188334	0.811666	0
2011	0.225918	0.774082	0	0.186667	0.813333	0
2011.13	0.224077	0.775923	0	0.185026	0.814974	0
2011.25	0.22226	0.77774	0	0.18341	0.81659	0
2011.38	0.220467	0.779533	0	0.18182	0.81818	0
2011.5	0.218699	0.781301	0	0.180255	0.819745	0
2011.63	0.216954	0.783046	0	0.178714	0.821286	0
2011.75	0.215234	0.784766	0	0.177197	0.822803	0
2011.88	0.213538	0.786462	0	0.175704	0.824296	0
2012	0.211867	0.788133	0	0.174234	0.825766	0
2012.13	0.210219	0.789781	0	0.172788	0.827212	0
2012.25	0.208595	0.791405	0	0.171364	0.828636	0
2012.38	0.206995	0.793005	0	0.169963	0.830037	0
2012.5	0.205418	0.794582	0	0.168584	0.831416	0
2012.63	0.203865	0.796135	0	0.167226	0.832774	0
2012.75	0.202334	0.797666	0	0.16589	0.834109	3.05573e-007
2012.88	0.200827	0.799173	1.27317e-009	0.164575	0.835423	1.47823e-006
2013	0.199342	0.800658	1.47624e-008	0.16328	0.836715	4.28987e-006
2013.13	0.19788	0.80212	8.07129e-008	0.162006	0.837984	9.68089e-006
2013.25	0.19644	0.80356	2.93359e-007	0.160751	0.83923	1.87219e-005
2013.38	0.195022	0.804977	8.19453e-007	0.159516	0.840452	3.25788e-005
2013.5	0.193625	0.806373	1.90538e-006	0.158299	0.841649	5.24806e-005
2013.63	0.19225	0.807746	3.87521e-006	0.157101	0.842819	7.96908e-005
2013.75	0.190896	0.809097	7.12425e-006	0.155921	0.843964	0.000115481
2013.88	0.189562	0.810426	1.21113e-005	0.154758	0.845081	0.000161109
2014	0.188249	0.811732	1.93506e-005	0.153613	0.846169	0.000217795
2014.13	0.186955	0.813016	2.94043e-005	0.152485	0.847229	0.000286707
2014.25	0.18568	0.814277	4.28749e-005	0.151373	0.848259	0.000368943
2014.38	0.184424	0.815515	6.03972e-005	0.150276	0.849258	0.00046552
2014.5	0.183187	0.81673	8.2631e-005	0.149196	0.850227	0.000577358
2014.63	0.181967	0.817922	0.000110253	0.14813	0.851164	0.000705277
2014.75	0.180766	0.819091	0.00014395	0.14708	0.85207	0.000849985
2014.88	0.179581	0.820235	0.000184409	0.146043	0.852945	0.00101208
2015	0.178412	0.821355	0.000232313	0.145021	0.853787	0.00119202
2015.13	0.17726	0.822452	0.000288331	0.144013	0.854597	0.00139018
2015.25	0.176123	0.823524	0.000353112	0.143017	0.855376	0.00160678
2015.38	0.175002	0.824571	0.00042728	0.142035	0.856123	0.00184194
2015.5	0.173895	0.825594	0.000511426	0.141066	0.856839	0.00209565
2015.63	0.172802	0.826592	0.000606104	0.140108	0.857524	0.0023678
2015.75	0.171723	0.827565	0.000711824	0.139163	0.858179	0.00265814
2015.88	0.170658	0.828513	0.000829051	0.13823	0.858804	0.00296635
2016	0.169605	0.829437	0.000958198	0.137308	0.8594	0.003292
2016.13	0.168564	0.830336	0.00109963	0.136397	0.859968	0.00363456
2016.25	0.167536	0.831211	0.00125364	0.135497	0.86051	0.00399343
2016.38	0.166519	0.832061	0.00142048	0.134608	0.861024	0.00436791
2016.5	0.165513	0.832887	0.00160034	0.133729	0.861514	0.00475728
2016.63	0.164518	0.833689	0.00179335	0.13286	0.861979	0.0051607
2016.75	0.163532	0.834468	0.00199957	0.132001	0.862422	0.00557734
2016.88	0.162557	0.835224	0.00221902	0.131152	0.862842	0.00600628
2017	0.161591	0.835957	0.00245165	0.130312	0.863242	0.00644661
2017.13	0.160635	0.836668	0.00269735	0.129481	0.863622	0.00689738
2017.25	0.159687	0.837357	0.00295596	0.128659	0.863983	0.00735761
2017.38	0.158747	0.838026	0.00322728	0.127846	0.864327	0.00782634
2017.5	0.157815	0.838674	0.00351105	0.127042	0.864655	0.00830261
2017.63	0.156891	0.839302	0.00380697	0.126246	0.864968	0.00878547
2017.75	0.155974	0.839911	0.00411469	0.125458	0.865268	0.00927397
2017.88	0.155065	0.840502	0.00443383	0.124678	0.865555	0.00976722
2018	0.154162	0.841075	0.00476398	0.123906	0.86583	0.0102643
2018.13	0.153265	0.84163	0.00510469	0.123141	0.866094	0.0107644
2018.25	0.152374	0.84217	0.00545549	0.122384	0.866349	0.0112668
2018.38	0.15149	0.842694	0.00581588	0.121634	0.866595	0.0117706
2018.5	0.150611	0.843204	0.00618537	0.120891	0.866834	0.0122751
2018.63	0.149737	0.843699	0.00656342	0.120155	0.867065	0.0127797
2018.75	0.148869	0.844182	0.0069495	0.119426	0.86729	0.0132838
2018.88	0.148006	0.844651	0.00734307	0.118703	0.86751	0.0137868
2019	0.147147	0.845109	0.0077436	0.117986	0.867725	0.0142883
2019.13	0.146293	0.845556	0.00815056	0.117276	0.867937	0.0147876
2019.25	0.145443	0.845993	0.00856339	0.116571	0.868144	0.0152846
2019.38	0.144598	0.84642	0.00898159	0.115873	0.868348	0.0157788
2019.5	0.143757	0.846839	0.00940464	0.11518	0.86855	0.0162698
2019.63	0.14292	0.847248	0.00983204	0.114493	0.86875	0.0167576
2019.75	0.142086	0.84765	0.0102633	0.113811	0.868947	0.0172418
2019.88	0.141257	0.848045	0.010698	0.113134	0.869144	0.0177223
2020	0.140431	0.848433	0.0111356	0.112463	0.869338	0.018199
2020.13	0.139609	0.848816	0.0115757	0.111796	0.869532	0.0186717
2020.25	0.13879	0.849192	0.0120179	0.111135	0.869725	0.0191405
2020.38	0.137975	0.849563	0.0124619	0.110478	0.869917	0.0196053
2020.5	0.137163	0.84993	0.0129072	0.109826	0.870108	0.0200662
2020.63	0.136355	0.850292	0.0133535	0.109179	0.870298	0.0205231
2020.75	0.135549	0.85065	0.0138006	0.108536	0.870488	0.0209761
2020.88	0.134748	0.851004	0.0142481	0.107897	0.870678	0.0214253
2021	0.133949	0.851355	0.0146957	0.107263	0.870866	0.0218708
2021.13	0.133154	0.851702	0.0151432	0.106633	0.871055	0.0223127
2021.25	0.132363	0.852047	0.0155904	0.106007	0.871242	0.0227511
2021.38	0.131575	0.852388	0.0160371	0.105385	0.871429	0.0231862
2021.5	0.13079	0.852727	0.0164831	0.104767	0.871615	0.0236181
2021.63	0.130008	0.853063	0.0169282	0.104154	0.871799	0.0240469
2021.75	0.129231	0.853397	0.0173723	0.103544	0.871983	0.0244729
2021.88	0.128456	0.853728	0.0178153	0.102938	0.872166	0.0248962
2022	0.127686	0.854057	0.0182571	0.102336	0.872347	0.0253168
2022.13	0.126919	0.854384	0.0186976	0.101738	0.872527	0.0257351
2022.25	0.126155	0.854708	0.0191366	0.101143	0.872706	0.0261511
2022.38	0.125396	0.85503	0.0195743	0.100552	0.872883	0.026565
2022.5	0.12464	0.855349	0.0200104	0.0999655	0.873057	0.0269771
2022.63	0.123889	0.855666	0.0204451	0.0993822	0.873231	0.0273873
2022.75	0.123141	0.855981	0.0208782	0.0988027	0.873401	0.0277959
2022.88	0.122397	0.856293	0.0213098	0.0982269	0.87357	0.028203
2023	0.121658	0.856602	0.0217398	0.0976547	0.873737	0.0286088
2023.13	0.120923	0.856909	0.0221683	0.0970862	0.8739	0.0290134
2023.25	0.120192	0.857213	0.0225953	0.0965214	0.874062	0.0294169
2023.38	0.119465	0.857514	0.0230209	0.0959603	0.87422	0.0298195
2023.5	0.118743	0.857812	0.0234449	0.0954029	0.874376	0.0302212
2023.63	0.118026	0.858106	0.0238676	0.0948491	0.874529	0.0306222
2023.75	0.117313	0.858398	0.0242889	0.094299	0.874678	0.0310226
2023.88	0.116605	0.858686	0.0247089	0.0937525	0.874825	0.0314225
2024	0.115902	0.858971	0.0251276	0.0932098	0.874968	0.031822
2024.13	0.115203	0.859252	0.025545	0.0926707	0.875108	0.0322212
2024.25	0.11451	0.859529	0.0259614	0.0921353	0.875245	0.0326201
2024.38	0.113821	0.859803	0.0263766	0.0916036	0.875378	0.0330188
2024.5	0.113137	0.860072	0.0267907	0.0910755	0.875507	0.0334174
2024.63	0.112459	0.860338	0.0272039	0.0905512	0.875633	0.033816
2024.75	0.111785	0.860599	0.0276161	0.0900305	0.875755	0.0342146
2024.88	0.111117	0.860856	0.0280275	0.0895135	0.875873	0.0346133
2025	0.110453	0.861109	0.028438	0.0890001	0.875988	0.0350122
2025.13	0.109795	0.861357	0.0288478	0.0884905	0.876098	0.0354112
2025.25	0.109143	0.861601	0.0292569	0.0879845	0.876205	0.0358104
2025.38	0.108495	0.86184	0.0296654	0.0874821	0.876308	0.0362099
2025.5	0.107853	0.862074	0.0300733	0.0869834	0.876407	0.0366097
2025.63	0.107216	0.862304	0.0304806	0.0864884	0.876502	0.0370098
2025.75	0.106584	0.862528	0.0308875	0.0859969	0.876593	0.0374103
2025.88	0.105958	0.862748	0.0312939	0.0855091	0.87668	0.0378111
2026	0.105337	0.862963	0.0317	0.0850249	0.876763	0.0382123
2026.13	0.104721	0.863173	0.0321058	0.0845442	0.876842	0.038614
2026.25	0.10411	0.863378	0.0325112	0.0840671	0.876917	0.0390161
2026.38	0.103505	0.863578	0.0329165	0.0835935	0.876988	0.0394187
2026.5	0.102905	0.863773	0.0333215	0.0831235	0.877055	0.0398217
2026.63	0.10231	0.863963	0.0337264	0.0826569	0.877118	0.0402252
2026.75	0.101721	0.864148	0.0341312	0.0821937	0.877177	0.0406292
2026.88	0.101136	0.864328	0.0345359	0.081734	0.877232	0.0410337
2027	0.100557	0.864503	0.0349406	0.0812776	0.877284	0.0414387
2027.13	0.0999825	0.864672	0.0353453	0.0808246	0.877331	0.0418442
2027.25	0.0994132	0.864837	0.03575	0.0803749	0.877375	0.0422503
2027.38	0.0988489	0.864996	0.0361548	0.0799284	0.877415	0.0426569
2027.5	0.0982894	0.865151	0.0365597	0.0794851	0.877451	0.043064
2027.63	0.0977348	0.8653	0.0369647	0.079045	0.877483	0.0434717
2027.75	0.097185	0.865445	0.0373699	0.078608	0.877512	0.0438799
2027.88	0.0966398	0.865585	0.0377752	0.0781741	0.877537	0.0442887
2028	0.0960993	0.86572	0.0381807	0.0777432	0.877559	0.0446981
2028.13	0.0955632	0.86585	0.0385865	0.0773152	0.877577	0.045108
2028.25	0.0950316	0.865976	0.0389925	0.0768901	0.877591	0.0455185
2028.38	0.0945044	0.866097	0.0393988	0.0764678	0.877603	0.0459297
2028.5	0.0939814	0.866213	0.0398054	0.0760482	0.87761	0.0463414
2028.63	0.0934626	0.866325	0.0402122	0.0756314	0.877615	0.0467537
2028.75	0.0929479	0.866433	0.0406195	0.0752171	0.877616	0.0471667
2028.88	0.092437	0.866536	0.041027	0.0748053	0.877614	0.0475803
2029	0.09193	0.866635	0.041435	0.074396	0.877609	0.0479945
2029.13	0.0914268	0.86673	0.0418433	0.073989	0.877602	0.0484094
2029.25	0.0909271	0.866821	0.042252	0.0735843	0.877591	0.048825
2029.38	0.0904308	0.866908	0.0426612	0.0731817	0.877577	0.0492413
2029.5	0.0899379	0.866991	0.0430708	0.0727813	0.87756	0.0496583
2029.63	0.0894482	0.867071	0.0434809	0.0723828	0.877541	0.050076
2029.75	0.0889615	0.867147	0.0438915	0.0719861	0.877519	0.0504945
2029.88	0.0884778	0.86722	0.0443025	0.0715912	0.877495	0.0509138
2030	0.0879967	0.867289	0.0447141	0.0711979	0.877468	0.0513338
2030.13	0.0875183	0.867355	0.0451263	0.0708062	0.877439	0.0517547
2030.25	0.0870422	0.867419	0.0455389	0.0704158	0.877408	0.0521765
2030.38	0.0865684	0.867479	0.0459522	0.0700267	0.877374	0.0525992
2030.5	0.0860967	0.867537	0.0463661	0.0696386	0.877339	0.0530227
2030.63	0.0856268	0.867593	0.0467806	0.0692516	0.877301	0.0534473
2030.75	0.0851586	0.867646	0.0471958	0.0688653	0.877262	0.0538728
2030.88	0.0846918	0.867697	0.0476116	0.0684797	0.877221	0.0542993
2031	0.0842263	0.867745	0.0480282	0.0680945	0.877179	0.0547269
2031.13	0.0837619	0.867793	0.0484455	0.0677097	0.877135	0.0551556
2031.25	0.0832983	0.867838	0.0488635	0.0673249	0.87709	0.0555855
2031.38	0.0828352	0.867882	0.0492823	0.06694	0.877043	0.0560166
2031.5	0.0823724	0.867926	0.049702	0.0665549	0.876996	0.0564489
2031.63	0.0819098	0.867968	0.0501224	0.0661692	0.876948	0.0568826
2031.75	0.0814468	0.868009	0.0505438	0.0657827	0.8769	0.0573176
2031.88	0.0809834	0.868051	0.0509661	0.0653953	0.876851	0.057754
2032	0.0805192	0.868091	0.0513893	0.0650065	0.876802	0.0581919
2032.13	0.0800539	0.868133	0.0518135	0.0646163	0.876752	0.0586313
2032.25	0.0795872	0.868174	0.0522388	0.0642242	0.876703	0.0590724
2032.38	0.0791187	0.868216	0.0526651	0.0638301	0.876655	0.0595151
2032.5	0.0786482	0.868259	0.0530925	0.0634335	0.876607	0.0599596
2032.63	0.0781751	0.868304	0.0535211	0.0630343	0.87656	0.0604059
2032.75	0.0776993	0.86835	0.0539509	0.062632	0.876514	0.060854
2032.88	0.0772203	0.868398	0.054382	0.0622263	0.876469	0.0613042
2033	0.0767377	0.868448	0.0548143	0.0618169	0.876427	0.0617564
2033.13	0.0762511	0.868501	0.055248	0.0614035	0.876386	0.0622108
2033.25	0.0757602	0.868557	0.0556832	0.0609857	0.876347	0.0626673
2033.38	0.0752646	0.868616	0.0561198	0.0605632	0.876311	0.0631262
2033.5	0.0747638	0.868678	0.0565579	0.0601358	0.876277	0.0635875
2033.63	0.0742575	0.868745	0.0569977	0.059703	0.876246	0.0640513
2033.75	0.0737453	0.868816	0.0574391	0.0592648	0.876218	0.0645177
2033.88	0.073227	0.868891	0.0578822	0.0588208	0.876193	0.0649867
2034	0.0727022	0.868971	0.0583271	0.0583709	0.876171	0.0654584
2034.13	0.0721706	0.869056	0.0587738	0.057915	0.876152	0.065933
2034.25	0.071632	0.869146	0.0592225	0.057453	0.876137	0.0664105
2034.38	0.0710863	0.869241	0.0596731	0.0569849	0.876124	0.0668909
2034.5	0.0705332	0.869341	0.0601258	0.0565108	0.876115	0.0673744
2034.63	0.0699728	0.869447	0.0605806	0.0560309	0.876108	0.067861
2034.75	0.0694051	0.869557	0.0610376	0.0555452	0.876104	0.0683507
2034.88	0.0688301	0.869673	0.0614968	0.0550542	0.876102	0.0688437
2035	0.0682478	0.869794	0.0619583	0.0545579	0.876102	0.06934
2035.13	0.0676586	0.869919	0.0624222	0.0540569	0.876103	0.0698396
2035.25	0.0670627	0.870049	0.0628885	0.0535515	0.876106	0.0703426
2035.38	0.0664603	0.870182	0.0633573	0.0530421	0.876109	0.070849
2035.5	0.0658517	0.87032	0.0638286	0.0525291	0.876112	0.0713589
2035.63	0.0652375	0.87046	0.0643026	0.052013	0.876115	0.0718723
2035.75	0.064618	0.870603	0.0647791	0.0514943	0.876116	0.0723893
2035.88	0.0639937	0.870748	0.0652584	0.0509733	0.876117	0.0729099
2036	0.063365	0.870895	0.0657405	0.0504507	0.876115	0.0734341
2036.13	0.0627325	0.871042	0.0662253	0.0499268	0.876111	0.073962
2036.25	0.0620967	0.87119	0.066713	0.0494021	0.876104	0.0744936
2036.38	0.0614581	0.871338	0.0672036	0.048877	0.876094	0.0750291
2036.5	0.0608173	0.871485	0.0676972	0.0483519	0.87608	0.0755683
2036.63	0.0601747	0.871631	0.0681938	0.0478273	0.876061	0.0761115
2036.75	0.059531	0.871776	0.0686935	0.0473035	0.876038	0.0766585
2036.88	0.0588865	0.871917	0.0691962	0.0467809	0.87601	0.0772096
2037	0.0582419	0.872056	0.0697022	0.0462597	0.875976	0.0777647
2037.13	0.0575976	0.872191	0.0702113	0.0457404	0.875936	0.0783239
2037.25	0.0569541	0.872322	0.0707237	0.0452232	0.875889	0.0788873
2037.38	0.0563118	0.872449	0.0712394	0.0447084	0.875837	0.0794549
2037.5	0.0556712	0.87257	0.0717585	0.0441962	0.875777	0.0800269
2037.63	0.0550326	0.872686	0.072281	0.043687	0.87571	0.0806031
2037.75	0.0543965	0.872797	0.072807	0.0431808	0.875635	0.0811838
2037.88	0.0537632	0.8729	0.0733365	0.0426779	0.875553	0.0817691
2038	0.0531331	0.872997	0.0738696	0.0421785	0.875463	0.0823589
2038.13	0.0525064	0.873087	0.0744063	0.0416827	0.875364	0.0829533
2038.25	0.0518836	0.87317	0.0749468	0.0411907	0.875257	0.0835526
2038.38	0.0512647	0.873244	0.075491	0.0407026	0.875141	0.0841566
2038.5	0.0506502	0.873311	0.0760391	0.0402185	0.875016	0.0847655
2038.63	0.0500401	0.873369	0.0765911	0.0397386	0.874882	0.0853795
2038.75	0.0494348	0.873418	0.077147	0.0392629	0.874739	0.0859985
2038.88	0.0488345	0.873459	0.077707	0.0387915	0.874586	0.0866226
2039	0.0482392	0.87349	0.0782711	0.0383245	0.874423	0.0872521
2039.13	0.0476492	0.873511	0.0788393	0.0378619	0.874251	0.0878868
2039.25	0.0470646	0.873524	0.0794118	0.0374039	0.874069	0.0885271
2039.38	0.0464855	0.873526	0.0799886	0.0369503	0.873877	0.0891728
2039.5	0.045912	0.873518	0.0805698	0.0365014	0.873674	0.0898242
2039.63	0.0453442	0.8735	0.0811554	0.036057	0.873462	0.0904813
2039.75	0.0447822	0.873472	0.0817456	0.0356173	0.873238	0.0911443
2039.88	0.044226	0.873433	0.0823405	0.0351822	0.873005	0.0918132
2040	0.0436758	0.873384	0.08294	0.0347517	0.87276	0.0924882
2040.13	0.0431315	0.873324	0.0835444	0.0343259	0.872505	0.0931693
2040.25	0.0425932	0.873253	0.0841536	0.0339048	0.872239	0.0938566
2040.38	0.0420608	0.873171	0.0847677	0.0334883	0.871961	0.0945503
2040.5	0.0415345	0.873079	0.0853869	0.0330764	0.871673	0.0952505
2040.63	0.0410143	0.872974	0.0860113	0.0326691	0.871374	0.0959572
2040.75	0.0405	0.872859	0.0866409	0.0322665	0.871063	0.0966707
2040.88	0.0399917	0.872733	0.0872758	0.0318684	0.870741	0.0973909
2041	0.0394895	0.872594	0.0879161	0.031475	0.870407	0.0981181
2041.13	0.0389932	0.872445	0.0885619	0.031086	0.870062	0.0988523
2041.25	0.0385029	0.872284	0.0892133	0.0307016	0.869705	0.0995937
2041.38	0.0380185	0.872111	0.0898704	0.0303216	0.869336	0.100342
2041.5	0.03754	0.871927	0.0905333	0.0299461	0.868955	0.101098
2041.63	0.0370674	0.871731	0.0912021	0.0295751	0.868563	0.101862
2041.75	0.0366005	0.871523	0.0918769	0.0292084	0.868158	0.102633
2041.88	0.0361395	0.871303	0.0925578	0.0288461	0.867742	0.103412
2042	0.0356841	0.871071	0.093245	0.0284881	0.867313	0.104199
2042.13	0.0352345	0.870827	0.0939384	0.0281344	0.866872	0.104994
2042.25	0.0347904	0.870571	0.0946383	0.0277849	0.866418	0.105797
2042.38	0.034352	0.870303	0.0953447	0.0274396	0.865952	0.106609
2042.5	0.033919	0.870023	0.0960577	0.0270985	0.865473	0.107428
2042.63	0.0334915	0.869731	0.0967775	0.0267616	0.864982	0.108257
2042.75	0.0330694	0.869426	0.0975042	0.0264287	0.864478	0.109094
2042.88	0.0326526	0.86911	0.0982378	0.0260998	0.86396	0.10994
2043	0.0322412	0.86878	0.0989786	0.025775	0.86343	0.110795
2043.13	0.0318349	0.868439	0.0997266	0.0254541	0.862887	0.111659
2043.25	0.0314338	0.868084	0.100482	0.0251371	0.862331	0.112532
2043.38	0.0310378	0.867717	0.101245	0.0248241	0.861761	0.113415
2043.5	0.0306469	0.867338	0.102015	0.0245148	0.861178	0.114307
2043.63	0.030261	0.866946	0.102793	0.0242094	0.860581	0.115209
2043.75	0.0298799	0.866541	0.103579	0.0239077	0.859971	0.116121
2043.88	0.0295038	0.866123	0.104373	0.0236097	0.859347	0.117043
2044	0.0291324	0.865693	0.105175	0.0233154	0.858709	0.117975
2044.13	0.0287658	0.865249	0.105985	0.0230247	0.858057	0.118918
2044.25	0.0284039	0.864792	0.106804	0.0227376	0.857391	0.119871
2044.38	0.0280465	0.864322	0.107631	0.022454	0.856711	0.120835
2044.5	0.0276938	0.863839	0.108467	0.022174	0.856017	0.121809
2044.63	0.0273456	0.863343	0.109311	0.0218974	0.855308	0.122795
2044.75	0.0270018	0.862833	0.110165	0.0216242	0.854584	0.123792
2044.88	0.0266624	0.86231	0.111027	0.0213544	0.853846	0.1248
2045	0.0263273	0.861774	0.111899	0.021088	0.853092	0.12582
2045.13	0.0259965	0.861223	0.11278	0.0208249	0.852324	0.126851
2045.25	0.0256699	0.860659	0.113671	0.020565	0.85154	0.127895
2045.38	0.0253475	0.860081	0.114571	0.0203084	0.850742	0.12895
2045.5	0.0250292	0.85949	0.115481	0.0200549	0.849927	0.130018
2045.63	0.0247149	0.858884	0.116401	0.0198046	0.849098	0.131098
2045.75	0.0244047	0.858264	0.117331	0.0195574	0.848252	0.132191
2045.88	0.0240984	0.85763	0.118272	0.0193133	0.847391	0.133296
2046	0.023796	0.856981	0.119223	0.0190722	0.846513	0.134415
2046.13	0.0234975	0.856318	0.120184	0.0188341	0.845619	0.135546
2046.25	0.0232027	0.855641	0.121156	0.018599	0.844709	0.136692
2046.38	0.0229117	0.854949	0.12214	0.0183668	0.843783	0.13785
2046.5	0.0226244	0.854242	0.123134	0.0181375	0.84284	0.139023
2046.63	0.0223407	0.85352	0.124139	0.0179111	0.84188	0.140209
2046.75	0.0220607	0.852783	0.125156	0.0176874	0.840903	0.14141
2046.88	0.0217842	0.852031	0.126185	0.0174666	0.839909	0.142625
2047	0.0215112	0.851263	0.127225	0.0172485	0.838897	0.143854
2047.13	0.0212416	0.850481	0.128278	0.0170331	0.837868	0.145099
2047.25	0.0209755	0.849682	0.129342	0.0168205	0.836822	0.146358
2047.38	0.0207127	0.848868	0.130419	0.0166104	0.835757	0.147632
2047.5	0.0204533	0.848038	0.131508	0.016403	0.834675	0.148922
2047.63	0.0201971	0.847193	0.13261	0.0161982	0.833575	0.150227
2047.75	0.0199442	0.846331	0.133725	0.0159959	0.832456	0.151548
2047.88	0.0196945	0.845453	0.134853	0.0157962	0.83132	0.152884
2048	0.0194479	0.844558	0.135994	0.0155989	0.830164	0.154237
2048.13	0.0192044	0.843647	0.137148	0.0154041	0.82899	0.155606
2048.25	0.0189641	0.84272	0.138316	0.0152117	0.827797	0.156991
2048.38	0.0187267	0.841775	0.139498	0.0150218	0.826585	0.158393
2048.5	0.0184924	0.840814	0.140694	0.0148342	0.825354	0.159812
2048.63	0.018261	0.839836	0.141903	0.0146489	0.824103	0.161248
2048.75	0.0180325	0.83884	0.143127	0.014466	0.822834	0.1627
2048.88	0.0178069	0.837827	0.144366	0.0142853	0.821545	0.16417
2049	0.0175841	0.836797	0.145619	0.0141069	0.820236	0.165657
2049.13	0.0173641	0.835749	0.146887	0.0139307	0.818907	0.167162
2049.25	0.0162798	0.83542	0.1483	0.0137567	0.817559	0.168684
2049.38	0.0152623	0.835016	0.149722	0.0135849	0.816191	0.170224
2049.5	0.0143074	0.834541	0.151151	0.0134153	0.814802	0.171782
2049.63	0.0134115	0.833999	0.152589	0.0132477	0.813394	0.173358
2049.75	0.0125711	0.833392	0.154037	0.0130823	0.811965	0.174952
2049.88	0.0117827	0.832723	0.155494	0.0129189	0.810516	0.176565
2050	0.0110432	0.831995	0.156961	0.0127575	0.809047	0.178196
